                0        0     9.84774e+09          0    1.3464549536  0.0041018188387 1.2489604982e+12 3.6972971404e+35 8.2549371281e+35    5220.4260968 1.1394862157e+37               0 1.3215937248e+46               0 1.9178524153e+39               0
                0        0     1.99655e+10          0    2.4043765864  0.0031368245092 1.3856605068e+12 4.5509349469e+35 1.0160850057e+36    5220.4260968 1.4025725938e+37               0 4.8726591502e+46               0 2.3606492117e+39               0
                0        0     2.60362e+10          0    2.8360504554  0.0021332474456 1.3798210921e+12 3.6660396846e+35 9.2287721041e+35    5107.1245779 6.9290949842e+36               0 7.0137393235e+46               0 1.3185949531e+39               0
                0        0     3.21068e+10          0    3.1447584979  0.0015255744911 1.3755438052e+12 2.9161579699e+35 8.4444561798e+35    5002.7358228 3.5260490185e+36               0 8.7955271875e+46               0 7.5503680259e+38               0
                0        0     3.81775e+10          0    3.3769152399  0.0011472730047 1.3721706702e+12 2.3607149839e+35 7.8619332389e+35    4920.1702741 2.026059132e+36               0 1.0274007877e+47               0 4.7795432546e+38               0
                0        0      4.0201e+10          0    3.4341438253  0.00084843727496 1.3711634117e+12 1.7766985923e+35 7.2698433405e+35    4826.5689652 1.061531481e+36               0 1.0656791844e+47               0 2.8058541559e+38               0
                0        0     4.42481e+10          0    3.5246581959  0.00067095635277 1.3693976516e+12 1.4439310386e+35 6.9229369458e+35    4771.0027362 7.1356377005e+35               0 1.1277036487e+47               0 2.0220800268e+38               0
                0        0     4.82952e+10          0     3.601202632  0.00056740134544 1.3677910186e+12 1.2490589235e+35 6.7152159881e+35    4737.5846575 5.590350564e+35               0 1.1815739166e+47               0 1.6532015422e+38               0
                0        0     5.63895e+10          0    3.7202549242  0.00044124977741 1.3648773086e+12 1.0056071205e+35 6.4485006421e+35    4694.8285944 4.0657094004e+35               0 1.2679463384e+47               0 1.2708696945e+38               0
                0        0      5.8413e+10          0    3.7846089539  0.00095407491209 1.3642042759e+12 2.2130378205e+35 7.6505647902e+35    4901.0093621 1.7583938167e+36               0  1.31594713e+47               0 4.244342763e+38               0
                0        0     6.04366e+10          0    3.8776649462  0.0013795932904 1.3634443977e+12 3.2805652209e+35 8.7120363415e+35    5064.2258378 5.1555017865e+36               0 1.3869859365e+47               0 1.029229645e+39               0
                0        0     6.24601e+10          0    4.0077873748  0.0019291184272 1.397163149e+12 4.6268049751e+35 1.0330244696e+36    5220.4260968 1.4259553105e+37               0 1.4895547269e+47               0 2.4000043166e+39               0
                0        0     6.65072e+10          0    4.4170034706  0.0030333983138 1.678204941e+12 6.6753945531e+35 1.4904120564e+36    5220.4260968 2.0573191141e+37               0 1.8367322152e+47               0 3.462643407e+39               0
                0        0     7.25779e+10          0    4.7944997134  0.0018655122615 1.6738088846e+12 4.4678675509e+35 1.4214657628e+36    5165.7457558 1.4676512424e+37               0 2.190179709e+47               0 2.6192542726e+39               0
                0        0      7.6625e+10          0    4.8323559305  0.00028061698087 1.6710717726e+12 6.7848853513e+34 1.0736776953e+36    4819.7309129 1.5026714412e+36               0 2.2273833505e+47               0 4.0057101005e+38               0
                0        0     7.86485e+10          0    4.8945881035  0.0009226175137 1.6700674712e+12 2.2608335092e+35 1.2847348715e+36    5042.4108719 6.7248705586e+36               0 2.2892400253e+47               0 1.3760683082e+39               0
                0        0     8.47192e+10          0    5.0303596594  0.00067095635277 1.6666583929e+12 1.6932125032e+35 1.3504155499e+36    5110.8769115 1.0350373186e+37               0 2.427202527e+47               0 1.9614958052e+39               0
                0        0      9.4837e+10          0    5.1064679806  0.00022566742191 1.660886455e+12 5.8011526175e+34 1.3122233098e+36    5083.1605427 8.6300969445e+36               0 2.506345136e+47               0 1.6866721113e+39               0
                0        0     9.68605e+10          0    5.1892205732    0.00122684116 1.6598077179e+12 3.2069888017e+35 1.658208608e+36    5391.1667203 5.4463027434e+37               0 2.5938696939e+47               0 7.6916631943e+39               0
                0        0     1.09002e+11          0    5.7963727393  0.0015002133559  1.65326097e+12 4.3977716332e+35 2.521934989e+36    5998.8033619 1.189270106e+39               0 3.2829845199e+47               0 9.7421273199e+40               0
                0        0     1.09002e+11          0    5.7963727393  0.0035273857669 1.9320974296e+12 8.8479975695e+35 2.9669575827e+36    5779.1661957 5.718674448e+38               0 3.2829845198e+47               0 5.6305371966e+40               0
                0        0     1.11025e+11          0    5.8082101381  0.00017549429603 1.9294628156e+12 4.4170637426e+34 2.1433894347e+36    5331.6167752 5.2377568278e+37               0 3.2972414785e+47               0 7.8539876916e+39               0
                0        0      1.1912e+11          0    6.5120262199  0.0026085905932 1.9234228582e+12 7.3843461291e+35 4.0554920108e+36    6262.8983372 5.1359170851e+39               0 4.2014095182e+47               0 3.4290558741e+41               0
                0        0     1.23167e+11          0    6.7636903818  0.0018655122615 1.9181591973e+12 5.4999904093e+35 4.4103189802e+36    6404.3791807 9.1503659278e+39               0 4.551681975e+47               0 5.512393035e+41               0
                0        0     1.29237e+11          0    6.9442312134  0.00089219731679 1.9100580886e+12 2.7120847964e+35 4.5604955636e+36    6471.8967899 1.1878975749e+40               0 4.8117126803e+47               0 6.8239591739e+41               0
                0        0     1.39355e+11          0    7.5325867165  0.0017445223777 6.8428241155e+12 1.6056469602e+35 1.3841423657e+37    4513.1457883 2.5190677985e+36               0 5.7098190707e+47               0 1.0082514789e+39               0
                0        0     1.39355e+11          0    7.5325867165  0.0013566589453 6.8428241155e+12 1.2486599996e+35 1.3805724961e+37    4510.2329832 2.4609145428e+36               0 5.7098190653e+47               0 9.8904677842e+38               0
                0        0     1.51496e+11          0    7.9122919704  0.00093821438024 6.3456495945e+12 9.7812206729e+34  1.18628895e+37    4509.3239781 2.1009216779e+36               0 6.3306038429e+47               0 8.4545334021e+38               0
                0        0      1.5352e+11          0    7.9623380295  0.00074195337388 6.2851860381e+12 7.8589376247e+34 1.1620531317e+37    4507.6406716 2.0334052251e+36               0 6.414832571e+47               0 8.2023890582e+38               0
                0        0     1.67685e+11          0     8.225789897  0.00055796887111 5.9040874621e+12 6.4997934301e+34 1.0249696411e+37    4507.1625416 1.787413785e+36               0 6.8674704996e+47               0 7.2149965029e+38               0
                0        0     1.71732e+11          0    8.3104338569  0.00062744072823 5.8210581539e+12 7.489610269e+34 9.9751535282e+36    4508.4866615 1.7560715742e+36               0 7.0161938115e+47               0 7.0751809582e+38               0
                0        0     1.79826e+11          0    8.5174435387  0.00076725088072 5.6715044474e+12 9.6341440571e+34 9.8042455495e+36    4547.8514172 2.2805388424e+36               0 7.3866706545e+47               0 8.6935874815e+38               0
                0        0     1.89944e+11          0    8.7326307077  0.00063804762562 5.5055752548e+12 8.4617510162e+34 1.081138343e+37    4730.1054946 8.5765241652e+36               0 7.7819377885e+47               0 2.5608183676e+39               0
                0        0     2.08156e+11          0    9.0190761014  0.00047185228499 5.2146125437e+12 6.8235569864e+34 1.2273203153e+37    5016.8407941 5.5559233803e+37               0 8.3241473626e+47               0 1.1705464747e+40               0
                0        0     2.18274e+11          0    9.1492142573  0.00038587031798 5.0546432333e+12 5.8398194106e+34 1.2983191803e+37    5167.7557089 1.3550433307e+38               0 8.5765374418e+47               0 2.4130322217e+40               0
                0        0     2.20297e+11          0    9.1697972809  0.0003051517759 5.0229858314e+12 4.6577742681e+34 1.3088072266e+37    5194.4528136 1.575133175e+38               0 8.6168024164e+47               0 2.7254966791e+40               0
                0        0     2.32439e+11          0    9.3259630679  0.00038587031798 4.8401776156e+12 6.2163938093e+34 1.4015022424e+37    5382.9415089 4.4207616776e+38               0 8.9253771613e+47               0 6.2947239344e+40               0
                0        0     2.40533e+11          0    9.4532721318  0.00047185228499 4.7222421795e+12 7.8977743375e+34 1.4809463381e+37    5525.3852436 9.2416804307e+38               0 9.1809581727e+47               0 1.1456000493e+41               0
                0        0     2.46603e+11          0     9.566180075  0.00055796887111 4.635363695e+12 9.627853233e+34 1.5543224655e+37    5644.7567885 1.6708057704e+39               0 9.4106522607e+47               0 1.8537870207e+41               0
                0        0     2.60768e+11          0    9.7816251604  0.0004562945493 4.4392910475e+12 8.4063493054e+34 1.6970285303e+37    5896.1338956 5.3139740352e+39               0 9.8568271779e+47               0 4.7359828772e+41               0
                0        0     2.74933e+11          0    9.9578113659  0.00037314754729 4.2498304584e+12 7.3103409982e+34 1.8209207705e+37    6133.2239235 1.4358535022e+40               0 1.0229385769e+48               0 1.057664798e+42               0
                0        0     2.81004e+11          0    10.021665822  0.00031555617516 4.1709974806e+12 6.3393017791e+34 1.8669182034e+37    6229.6438662 2.0979855938e+40               0 1.0366117426e+48               0 1.4359525789e+42               0
                0        0     2.93145e+11          0    10.131489931  0.00027136458355 4.0186476369e+12 5.7202012585e+34 1.9492074385e+37    6415.4394734 4.1991636574e+40               0 1.060340716e+48               0 2.5098857254e+42               0
                0        0     3.05286e+11          0    10.222819916  0.00022566742191 3.8736169189e+12 4.9795220836e+34 2.0194980499e+37    6592.5644774 7.8021822108e+40               0 1.0802782272e+48               0 4.1266243728e+42               0
                0        0     3.21475e+11          0    10.369252061  0.00027136458355 3.6926895984e+12 6.371219223e+34 2.1388177533e+37    6849.7371217 1.8221562302e+41               0 1.1126319507e+48               0 8.1575809238e+42               0
                0        0      3.3564e+11          0    10.508582637  0.00029509042656 3.5443348708e+12 7.3152516423e+34 2.2567064915e+37    7086.0344067 3.7669971221e+41               0 1.1438593544e+48               0 1.461805336e+43               0
                0        0     3.47781e+11          0     10.61658103  0.00026685342141 3.4232308068e+12 6.9196802435e+34 2.3502156187e+37    7283.8450274   6.6460545e+41               0 1.1683613548e+48               0 2.3037951899e+43               0
                0        0     3.57899e+11          0    10.690179937  0.00021822680073 3.3265339634e+12 5.8636210218e+34 2.4148175025e+37    7439.2124029 1.0115729257e+42               0 1.1852075279e+48               0 3.2219254989e+43               0
                0        0     3.63969e+11          0    10.729449844  0.00019406416602 3.2706526201e+12 5.3229592137e+34 2.4498691072e+37     7529.573404 1.2794604504e+42               0 1.1942453208e+48               0 3.8853027216e+43               0
                0        0     3.86229e+11          0    10.878348949  0.00020068094241 3.0751688593e+12 5.9356037889e+34 2.5890305365e+37    7873.2070032 2.9760121055e+42               0 1.2288249563e+48               0 7.609045496e+43               0
                0        0     3.92299e+11          0    10.922508293  0.00021822680073 3.0257623866e+12 6.5865865509e+34 2.6318806529e+37    7969.8656225 3.7272956668e+42               0 1.2391749776e+48               0 9.1026047358e+43               0
                0        0     4.02417e+11          0    10.990189705  0.00020068094241 2.9457185846e+12 6.2601511603e+34  2.69723216e+37    8127.1039741 5.3027096657e+42               0 1.2551221014e+48               0 1.2044919316e+44               0
                0        0     4.18605e+11          0    11.091456677  0.00018766555548 2.823581963e+12 6.1636434896e+34 2.7976966889e+37    8377.2566074 9.0174186171e+42               0 1.2791725418e+48               0 1.8348156219e+44               0
                0        0      4.3277e+11          0    11.156984969  0.00013878340364 2.7229263444e+12 4.7545918593e+34 2.8628440386e+37    8579.9219352 1.3460717924e+43               0 1.2948564768e+48               0 2.5162056408e+44               0
                0        0      4.3277e+11          0    11.156984969  0.00016138421403 2.7229263444e+12 5.5288748516e+34 2.8636183216e+37    8580.5020064 1.3478542827e+43               0 1.2948564768e+48               0 2.5189394413e+44               0
                0        0     4.38841e+11          0    11.180734123  0.00011736365507 2.6820379755e+12 4.0907578979e+34 2.8865933394e+37    8662.9498619 1.5755402008e+43               0 1.3005642618e+48               0 2.8475784048e+44               0
                0        0     4.53006e+11          0    11.227596146  9.924981784e-05 2.5895101882e+12 3.5980204797e+34 2.9347312266e+37    8852.8913094 2.2274971345e+43               0 1.3118636095e+48               0 3.7353934587e+44               0
                0        0     4.57053e+11          0    11.239304877  8.6793378104e-05 2.5645074873e+12 3.1804372149e+34 2.9465597467e+37    8904.8926471 2.4412262398e+43               0 1.3146944186e+48               0 4.0127588535e+44               0
                0        0     4.59076e+11          0    11.244339377  7.4638529547e-05 2.5522079845e+12 2.7494492688e+34 2.9514060967e+37    8929.9920445 2.5498294012e+43               0 1.3159125398e+48               0 4.151332601e+44               0
                0        0     4.67171e+11          0    11.260807787  6.1037731607e-05 2.5035432624e+12 2.2955015164e+34 2.9682644933e+37    9029.2142836 3.0186200324e+43               0 1.3199010762e+48               0 4.7342470029e+44               0
                0        0     4.73241e+11          0    11.271608931  5.3377134923e-05 2.4682903924e+12 2.0380257762e+34 2.9794029965e+37    9101.9835684 3.4064626872e+43               0 1.322520306e+48               0 5.2004915837e+44               0
                0        0     4.83359e+11          0    11.287617621  4.7467080756e-05 2.4111268105e+12 1.8579734932e+34 2.9961736217e+37     9222.179667 4.1384615725e+43               0 1.3264071013e+48               0 6.0480828567e+44               0
                0        0     4.91453e+11          0    11.298817225  4.1509681098e-05 2.3673309205e+12 1.6564875021e+34 3.0078737056e+37    9316.1672135 4.7985596031e+43               0 1.3291296635e+48               0 6.7821948192e+44               0
                0        0     4.99548e+11          0    11.311624177  4.7467080756e-05 2.3250426576e+12 1.9308623726e+34 3.0218011869e+37     9411.370488 5.5604286507e+43               0 1.3322463721e+48               0 7.6019788523e+44               0
                0        0     5.09665e+11          0    11.330239875  5.5197071976e-05  2.27398607e+12 2.2994930374e+34 3.0420983159e+37    9532.3783676 6.6810868548e+43               0 1.3367831861e+48               0 8.7636351507e+44               0
                0        0     5.13712e+11          0    11.339045156   6.52709522e-05 2.2543498394e+12 2.7449843616e+34 3.0520043309e+37    9581.5879658 7.1927244765e+43               0 1.3389317895e+48               0 9.2797147663e+44               0
                0        0     5.13712e+11          0    11.339045156  7.5900295302e-05 2.2543498394e+12 3.1920037416e+34 3.0524513503e+37    9581.9387943 7.1973759361e+43               0 1.3389317895e+48               0 9.2846240995e+44               0
                0        0     5.19783e+11          0    11.357207082  8.9752669286e-05 2.2253962912e+12 3.8298019164e+34 3.0726723212e+37    9660.0025951 8.0896592624e+43               0 1.3433689659e+48               0 1.0168108117e+45               0
                0        0     5.27877e+11          0    11.384898408  0.00010263382152 2.187711606e+12 4.4657493397e+34 3.1033479169e+37    9767.0731954 9.4745057942e+43               0 1.3501483642e+48               0 1.1498902113e+45               0
                0        0     5.42042e+11          0    11.435857653  0.00010792738942 2.1239141416e+12 4.8587909127e+34 3.1595974513e+37    9957.2937951 1.2441015195e+44               0 1.3626686443e+48               0 1.4211867778e+45               0
                0        0     5.50136e+11          0    11.461753028  9.5977390256e-05 2.0890887652e+12 4.4027887026e+34 3.187813033e+37    10062.285249 1.4379077475e+44               0 1.3690529876e+48               0 1.5899559747e+45               0
                0        0     5.62278e+11          0    11.494601075  8.1164296512e-05 2.0383894231e+12 3.8268067295e+34 3.2238873577e+37    10215.349908 1.7629944993e+44               0 1.3771728514e+48               0 1.8610083716e+45               0
                0        0     5.68348e+11          0    11.508963786  7.0977696776e-05 2.0140429962e+12 3.3912057669e+34 3.2395760414e+37    10289.387822 1.9401007858e+44               0 1.3807307511e+48               0 2.0033692433e+45               0
                0        0     5.72395e+11          0    11.517061105  6.0023040963e-05 1.998142724e+12 2.8926634854e+34 3.2481945978e+37    10337.109529 2.0610257858e+44               0 1.3827386165e+48               0 2.0985598742e+45               0
                0        0     5.78466e+11          0    11.527332481  5.0759120261e-05 1.9746468872e+12 2.4775259671e+34 3.2593721171e+37    10407.361139  2.24940821e+44               0 1.3852876658e+48               0 2.2439708309e+45               0
                0        0     5.88584e+11          0    11.542302909  4.4388550155e-05 1.9363705689e+12 2.2122780399e+34 3.2760586387e+37    10523.144671 2.5897081004e+44               0 1.3890070665e+48               0 2.4990548404e+45               0
                0        0     5.92631e+11          0    11.547199903  3.6299970367e-05 1.9215850187e+12 1.823845746e+34 3.2812296551e+37    10567.718007 2.7305666076e+44               0 1.3902248016e+48               0 2.6019464556e+45               0
                0        0     5.96678e+11          0    11.551072516  2.8706536643e-05 1.9070111966e+12 1.4538333284e+34 3.2852611457e+37     10611.27852 2.8733891407e+44               0 1.3911881802e+48               0 2.7047293278e+45               0
                0        0     5.98702e+11          0    11.553213712  3.1744109176e-05 1.8998282437e+12 1.6140476999e+34 3.2878568846e+37    10633.418759 2.9487958128e+44               0 1.391720982e+48               0 2.7585859626e+45               0
                0        0     6.08819e+11          0    11.561539408  2.4686372742e-05 1.8642067183e+12 1.2800992147e+34 3.2970059595e+37    10741.990393 3.3389830568e+44               0 1.3937936613e+48               0 3.0312094386e+45               0
                0        0     6.18937e+11          0    11.570148975  2.5528074802e-05 1.8298641932e+12 1.3495932878e+34 3.3069033785e+37    10850.451447 3.7709500988e+44               0 1.3959386255e+48               0 3.3239258826e+45               0
                0        0     6.31078e+11          0    11.583434186  3.282645053e-05 1.7901296656e+12 1.7759941277e+34 3.3225381136e+37    10983.154909 4.3652499999e+44               0 1.3992516888e+48               0 3.7140192587e+45               0
                0        0     6.31078e+11          0    11.583434186  2.7760035537e-05 1.7901296656e+12 1.5018882427e+34 3.3222640077e+37    10982.928377 4.363848901e+44               0 1.3992516888e+48               0 3.7130491029e+45               0
                0        0     6.41196e+11          0    11.599713503  4.8269512655e-05 1.7583820692e+12 2.6623900676e+34 3.3421318494e+37    11098.163855 4.9492866518e+44               0 1.4033167531e+48               0 4.0861723414e+45               0
                0        0      6.4322e+11          0    11.602331814  3.8817524313e-05 1.7522219125e+12 2.1490610952e+34 3.3446347081e+37    11119.736101 5.0638831006e+44               0 1.4039711123e+48               0 4.1575138093e+45               0
                0        0     6.53338e+11          0    11.620638044   5.42794764e-05 1.7217100152e+12 3.063164865e+34 3.3666939681e+37    11236.285572 5.7355703392e+44               0 1.4085503861e+48               0 4.5705442711e+45               0
                0        0     6.53338e+11          0    11.620638044  6.3118862966e-05 1.7217100152e+12 3.5619997866e+34 3.367192803e+37    11236.701762 5.7388092271e+44               0 1.4085503861e+48               0 4.5726423517e+45               0
                0        0     6.69526e+11          0     11.65469787  6.3118862966e-05 1.6745354186e+12 3.6730818189e+34   3.4069125e+37    11427.334415 7.0015320749e+44               0 1.4170901498e+48               0 5.3190092978e+45               0
                0        0     6.81667e+11          0    11.677036707  5.5197071976e-05 1.6408014165e+12 3.2844103913e+34 3.4326912224e+37    11565.982603 8.0481105062e+44               0 1.4227050819e+48               0 5.9106522144e+45               0
                0        0     6.97856e+11          0    11.702650611  4.7467080756e-05 1.5974802099e+12 2.9074083249e+34 3.4625033663e+37    11747.127127 9.5924734146e+44               0 1.4291568128e+48               0 6.7470508827e+45               0
                0        0     7.07973e+11          0    11.717127441  4.292498761e-05 1.5716563519e+12 2.6757066244e+34 3.4794223062e+37    11857.683407 1.064289111e+45               0 1.4328097199e+48               0 7.2951117292e+45               0
                0        0     7.22138e+11          0    11.735455612  3.8817524313e-05 1.5366011309e+12 2.4787423921e+34 3.5010300305e+37    12010.753274 1.2241283567e+45               0 1.437441085e+48               0 8.1014573355e+45               0
                0        0      7.3428e+11          0    11.753420127  4.4388550155e-05 1.5077891503e+12 2.8930727882e+34 3.5229157852e+37    12143.870279 1.3794238862e+45               0 1.4419877754e+48               0 8.8602313074e+45               0
                0        0     7.38327e+11          0     11.75961247  4.5902014061e-05 1.4984939293e+12 3.0118581765e+34 3.5304585953e+37     12187.99164 1.4343462718e+45               0 1.4435566693e+48               0 9.1232244086e+45               0
                0        0     7.54515e+11          0    11.780913052  3.9473735296e-05 1.4618243916e+12 2.6598474239e+34 3.5557336411e+37    12361.938085 1.6660109432e+45               0 1.4489598743e+48               0 1.0201192073e+46               0
                0        0     7.64633e+11          0    11.806511094  7.5900295302e-05 1.4399528837e+12 5.2033317615e+34 3.5892589672e+37    12484.723215 1.8547622812e+45               0 1.455466482e+48               0 1.1061882285e+46               0
                0        0      7.6868e+11          0    11.813132902  4.908550968e-05 1.4313936788e+12 3.387069076e+34 3.595490095e+37    12527.425759 1.9213768606e+45               0 1.4571519999e+48               0 1.1355878338e+46               0
                0        0      7.6868e+11          0    11.813132902  5.9025218527e-05 1.4313936788e+12  4.07294319e+34 3.5961759691e+37    12528.023147 1.9226420418e+45               0 1.4571519999e+48               0 1.1361920623e+46               0
                0        0     7.80821e+11          0     11.84767516  8.5350525849e-05 1.4061195409e+12 6.0128704872e+34 3.6403145695e+37    12678.721656 2.1863574407e+45               0 1.4659601395e+48               0 1.251905769e+46               0
                0        0     8.01057e+11          0    11.898871243  7.5900295302e-05 1.3653248053e+12 5.5306732845e+34 3.7030587867e+37    12921.829976 2.6657897332e+45               0 1.4790635173e+48               0 1.4525270614e+46               0
                0        0     8.09151e+11          0    11.917390109  6.8637446911e-05 1.3497234439e+12 5.0671322495e+34 3.7256677022e+37    13016.088551 2.8712786103e+45               0 1.4838176134e+48               0 1.5353040759e+46               0
                0        0     8.35457e+11          0    11.970912438  6.1037731607e-05 1.3003134506e+12 4.698317245e+34 3.7925890362e+37    13320.231716 3.6147218152e+45               0 1.4976003335e+48               0 1.8215626401e+46               0
                0        0     8.39504e+11          0    11.978484597  5.6130179522e-05 1.2931406231e+12 4.3472769547e+34 3.801831161e+37    13365.253177 3.7357832387e+45               0 1.4995553843e+48               0 1.8664647562e+46               0
                0        0     8.57716e+11          0    12.006821208  4.6677988477e-05 1.2612910944e+12 3.7152633271e+34 3.8372605594e+37    13564.366599 4.3032784315e+45               0 1.506882852e+48               0 2.0709778225e+46               0
                0        0     8.65811e+11          0    12.016134825  3.4519547817e-05 1.2477200083e+12 2.7795692929e+34 3.8482333416e+37    13647.674024 4.554913175e+45               0 1.5092951072e+48               0 2.1585653077e+46               0
                0        0     8.73905e+11          0    12.028111168  4.4388550155e-05 1.2344279251e+12 3.6163246329e+34 3.8644239099e+37    13735.364289 4.8375314627e+45               0 1.512399837e+48               0 2.2559843902e+46               0
                0        0     8.77952e+11          0    12.035683326  5.6130179522e-05 1.2279035792e+12 4.6001042318e+34 3.8751389814e+37    13781.343229 4.9938538009e+45               0 1.5143644696e+48               0 2.3095125841e+46               0
                0        0     8.84023e+11          0    12.050786826  7.4638529547e-05 1.2182177119e+12 6.1733133704e+34 3.8961772474e+37    13854.762412 5.2568075714e+45               0 1.5182869327e+48               0 2.3991285276e+46               0
                0        0     8.90093e+11          0    12.070536679  9.7599889855e-05 1.208663632e+12 8.1495796168e+34 3.9237173468e+37    13933.928006 5.5591026736e+45               0 1.5234236922e+48               0 2.5014210323e+46               0
                0        0     9.10329e+11          0    12.131076432  8.9752669286e-05 1.1774069987e+12 7.7318755206e+34 4.0024466927e+37    14187.959614 6.6052766171e+45               0 1.5392232916e+48               0 2.8425534411e+46               0
                0        0     9.20446e+11          0    12.155014284  7.0977696776e-05 1.1623384963e+12 6.2059676601e+34 4.0325447897e+37    14306.399556 7.1302907878e+45               0 1.5454929265e+48               0 3.0066450871e+46               0
                0        0     9.26517e+11          0     12.16736559  6.1037731607e-05 1.1534790856e+12 5.3833172206e+34 4.048112543e+37    14375.075794 7.4454682893e+45               0 1.5487328499e+48               0 3.1030736431e+46               0
                0        0     9.40682e+11          0    12.189777757  4.7467080756e-05 1.1331175399e+12 4.2695106641e+34 4.0768678055e+37    14529.345034 8.1793661434e+45               0 1.5546204934e+48               0 3.3216754206e+46               0
                0        0     9.40682e+11          0    12.189777757  3.6299970367e-05 1.1331175399e+12 3.2650651381e+34  4.07586336e+37    14528.450028 8.1732784064e+45               0 1.5546204934e+48               0 3.3196984576e+46               0
                0        0      9.5687e+11          0    12.205268207  2.8706536643e-05 1.1105649136e+12 2.6378429305e+34 4.0959770371e+37    14693.297264 8.9921726189e+45               0 1.5586963028e+48               0 3.5541488771e+46               0
                0        0     9.60918e+11          0    12.208180516  2.158808681e-05 1.1051248275e+12 1.9939695242e+34 4.099241422e+37    14732.351332 9.1913290981e+45               0 1.5594631748e+48               0 3.6097452469e+46               0
                0        0     9.66988e+11          0    12.211252652  1.5181893797e-05 1.0970420758e+12 1.4129527375e+34 4.1027861812e+37    14789.719579 9.4867664988e+45               0 1.560272336e+48               0 3.6911702896e+46               0
                0        0     9.73059e+11          0    12.213682142  1.2006059128e-05 1.0890734078e+12 1.1257830131e+34  4.10576394e+37    14846.421218 9.784173984e+45               0  1.56091238e+48               0 3.7721473448e+46               0
                0        0     9.73059e+11          0    12.213682142  8.7311822335e-06 1.0890734078e+12 8.1870466719e+33 4.1054568616e+37    14846.143612 9.7820049087e+45               0  1.56091238e+48               0 3.7714798627e+46               0
                0        0     9.83177e+11          0    12.216130935  7.2608715518e-06 1.075981266e+12 6.8925904971e+33 4.108620258e+37    14939.068094 1.0279366274e+46               0 1.5615576414e+48               0 3.9045942063e+46               0
                0        0     9.87224e+11          0    12.217571261  1.0676717269e-05 1.0708668281e+12 1.0184786073e+34 4.1108871808e+37    14976.765079 1.0488663584e+46               0 1.5619372321e+48               0 3.9602351389e+46               0
                0        0     9.87224e+11          0    12.217571261  1.4681322117e-05 1.0708668281e+12 1.4004878209e+34  4.11126919e+37       14977.113 1.0491530796e+46               0 1.5619372321e+48               0 3.9610985426e+46               0
                0        0     9.89247e+11          0    12.219676862  3.121639542e-05 1.0683331021e+12 2.9853863561e+34 4.1156880332e+37    14998.890358 1.0621869789e+46               0 1.5624922349e+48               0 3.996459074e+46               0
                0        0     9.91271e+11          0    12.221234007  2.3085310433e-05 1.0658092846e+12 2.2132783385e+34 4.117012641e+37    15017.846517 1.0729724693e+46               0 1.5629027364e+48               0 4.0249264969e+46               0
                0        0     9.93294e+11          0    12.224600882  4.991530115e-05 1.0632979529e+12 4.7981979479e+34 4.1241338424e+37    15042.068425 1.0883003045e+46               0 1.5637905105e+48               0 4.0668137215e+46               0
                0        0     1.00139e+12          0    12.241918686  6.4185888539e-05 1.0533109318e+12 6.2373082917e+34 4.1489649901e+37    15135.908991 1.1484775784e+46               0 1.5683608105e+48               0 4.2288351046e+46               0
                0        0     1.00948e+12          0    12.262743307  7.718339123e-05 1.0434850865e+12 7.583854656e+34 4.1785721776e+37    15234.061861 1.2150981002e+46               0 1.5738653654e+48               0 4.4062879758e+46               0
                0        0     1.02567e+12          0    12.295680125  6.1037731607e-05 1.0241646236e+12 6.1269724149e+34 4.2221080209e+37    15416.980064 1.3432089208e+46               0 1.5825910969e+48               0 4.7359835913e+46               0
                0        0     1.03781e+12          0    12.312479531  4.1509681098e-05 1.010098924e+12 4.2305395926e+34 4.2432997818e+37    15543.393273 1.4343726094e+46               0 1.5870508848e+48               0 4.961685552e+46               0
                0        0     1.05198e+12          0    12.325368879  2.7298552982e-05 9.9409000626e+11 2.829948935e+34 4.2596778019e+37    15683.146335 1.5377227767e+46               0 1.5904768866e+48               0 5.2094146062e+46               0
                0        0     1.07221e+12          0    12.338318131  1.9197798111e-05 9.7190045652e+11 2.0377474198e+34 4.2768030932e+37    15877.085437 1.6875266455e+46               0 1.5939225082e+48               0 5.5564142093e+46               0
                0        0     1.07626e+12          0    12.340050121  1.2838729272e-05 9.6764259799e+11 1.3689536367e+34 4.2785350833e+37    15913.589315 1.7162214925e+46               0 1.5943836483e+48               0 5.6210195451e+46               0
                0        0     1.08031e+12          0    12.341309678  9.3367260415e-06 9.6342111735e+11 1.0000102662e+34 4.2799127001e+37    15949.699601 1.7447970056e+46               0 1.5947190454e+48               0 5.6848250267e+46               0
                0        0     1.08638e+12          0    12.342616272  6.4569291102e-06 9.5714333455e+11 6.9617916238e+33 4.2814212174e+37    16003.329992 1.787607491e+46               0 1.5950670046e+48               0 5.779468507e+46               0
                0        0     1.09852e+12          0    12.345976559  8.3029396322e-06 9.4475324283e+11 9.0720135666e+33 4.2862958671e+37    16112.510067 1.8777322734e+46               0 1.5959620565e+48               0 5.9767956737e+46               0
                0        0     1.10459e+12          0    12.348574543  1.2838729272e-05 9.3871321724e+11 1.4121170276e+34 4.2904090476e+37    16168.140314 1.925548169e+46               0 1.5966542311e+48               0 6.080797123e+46               0
                0        0     1.10459e+12          0    12.348574543  1.9522337251e-05 9.3871321724e+11 2.1472393621e+34 4.2911441699e+37    16168.832835 1.9264556528e+46               0 1.5966542311e+48               0 6.0830666198e+46               0
                0        0     1.10661e+12          0    12.350325566  2.595962739e-05 9.3672385252e+11 2.8617390879e+34 4.2942918987e+37    16188.960441 1.9447175034e+46               0 1.5971208359e+48               0 6.123278455e+46               0
                0        0     1.10661e+12          0    12.350325566  3.8172222174e-05 9.3672385252e+11 4.2080319038e+34 4.2956381915e+37    16190.229132 1.9463927829e+46               0 1.5971208359e+48               0 6.1274550866e+46               0
                0        0     1.11268e+12          0    12.361126711  5.3377134923e-05 9.3078519552e+11 5.9269137047e+34 4.3123892927e+37    16257.606858 2.0113523472e+46               0 1.6000005753e+48               0 6.272161248e+46               0
                0        0     1.11875e+12          0    12.374115064  6.4185888539e-05 9.2491108519e+11 7.1799013481e+34 4.3317707486e+37    16327.445199 2.0812879415e+46               0 1.6034668695e+48               0 6.4271294204e+46               0
                0        0     1.13292e+12          0    12.396906108  4.8269512655e-05 9.1136639421e+11 5.4898182876e+34 4.3620294804e+37     16476.97584 2.2311648581e+46               0 1.6095582865e+48               0 6.7486959077e+46               0
                0        0     1.14708e+12          0    12.415234279  3.8817524313e-05 8.9816271179e+11 4.4863431219e+34 4.3868468532e+37     16621.20358 2.3804422947e+46               0 1.6144652263e+48               0 7.0596424243e+46               0
                0        0      1.1572e+12          0    12.427273245  3.569652002e-05 8.8896853022e+11 4.1723438679e+34 4.4035557707e+37     16722.82106 2.4892746639e+46               0 1.6176924164e+48               0 7.2816627089e+46               0
                0        0     1.18351e+12          0    12.458054201  3.5103101426e-05 8.6557738706e+11 4.2242980891e+34 4.4473570426e+37    16989.257903 2.7909095615e+46               0 1.6259581822e+48               0 7.8796870114e+46               0
                0        0     1.18351e+12          0    12.458054201  2.7298552982e-05 8.6557738706e+11 3.2851007607e+34 4.4464178453e+37     16988.36088 2.7893571739e+46               0 1.6259581822e+48               0 7.8762331497e+46               0
                0        0     1.19767e+12          0    12.466530791  1.7952703447e-05 8.5353642633e+11 2.1923917783e+34 4.457430099e+37    17118.352544 2.9383700659e+46               0 1.6282381191e+48               0 8.1571419947e+46               0
                0        0     1.20779e+12          0     12.47057994  1.2006059128e-05 8.4515809336e+11 1.4812007653e+34 4.4625100017e+37    17207.892499 3.042309465e+46               0 1.6293277734e+48               0 8.3482833896e+46               0
                0        0     1.21184e+12          0    12.471316563  5.4603704838e-06 8.4186887464e+11 6.7632386805e+33  4.46275925e+37     17241.71647 3.0810328765e+46               0 1.6295260428e+48               0 8.4177707251e+46               0
                0        0     1.21386e+12          0    12.471806322  7.2608715518e-06 8.4023707851e+11 9.0111666894e+33 4.4636850024e+37    17259.345579 3.1018907562e+46               0 1.6296578728e+48               0 8.4555674809e+46               0
                0        0     1.21993e+12          0    12.474631452  1.396124007e-05 8.3536184656e+11 1.7431784041e+34 4.4685721018e+37    17314.371656 3.1689972776e+46               0 1.6304184262e+48               0 8.5777745836e+46               0
                0        0     1.22196e+12          0    12.477526818  4.292498761e-05 8.3375456016e+11 5.3711245356e+34 4.4763485015e+37    17338.587821 3.2028550363e+46               0 1.6311980705e+48               0 8.6426385615e+46               0
                0        0     1.22398e+12          0    12.478982972  2.158808681e-05 8.3215104082e+11 2.7067985871e+34 4.4757716319e+37    17354.725965 3.2214151634e+46               0 1.6315902438e+48               0 8.6748469793e+46               0
                0        0       1.226e+12          0    12.481234605  3.3381382297e-05 8.3055446555e+11 4.1942904288e+34 4.4804883696e+37    17375.973308 3.2499221781e+46               0 1.6321967486e+48               0 8.7279645879e+46               0
                0        0     1.23207e+12          0    12.490839819  4.7467080756e-05 8.2578541618e+11 6.003184728e+34 4.4960925085e+37    17441.228272 3.3393927326e+46               0 1.6347852878e+48               0 8.8942958914e+46               0
                0        0     1.25231e+12          0    12.519793478  4.292498761e-05 8.100887444e+11 5.5467615883e+34 4.5374130157e+37    17649.712689 3.6298308248e+46               0 1.6426004287e+48               0 9.418283215e+46               0
                0        0      1.2685e+12          0    12.547183813  5.0759120261e-05  7.97946381e+11 6.6734650655e+34 4.5783286432e+37    17823.448981 3.8901149427e+46               0 1.6500106405e+48               0 9.879385594e+46               0
                0        0     1.27862e+12          0    12.565185721  5.3377134923e-05 7.9053807667e+11 7.0935907981e+34 4.6050417765e+37    17932.831103 4.0612133822e+46               0 1.6548899192e+48               0 1.0177099067e+47               0
                0        0     1.28873e+12          0    12.578723639  4.0141039538e-05 7.8324000264e+11  5.39007843e+34 4.6231859031e+37    18033.904694 4.2178530449e+46               0 1.6585639821e+48               0 1.0441093803e+47               0
                0        0     1.29076e+12          0     12.58082924  3.121639542e-05 7.818020493e+11 4.2001032866e+34 4.6250886666e+37    18052.338752 4.2455572972e+46               0 1.6591357858e+48               0 1.0486360061e+47               0
                0        0     1.30087e+12          0    12.588485534  2.2701540462e-05 7.7464442403e+11 3.0845454095e+34 4.6352318865e+37    18145.482789  4.38782467e+46               0 1.661215779e+48               0 1.0717351332e+47               0
                0        0     1.30087e+12          0    12.588485534  1.6234821285e-05 7.7464442403e+11 2.2058874619e+34 4.6343532286e+37     18144.62281 4.3857544726e+46               0 1.661215779e+48               0 1.0713395791e+47               0
                0        0     1.31099e+12          0    12.592672742  1.241541553e-05 7.6760786473e+11 1.7029602649e+34 4.6400163945e+37     18233.16373 4.5198638482e+46               0 1.6623538695e+48               0 1.0925185605e+47               0
                0        0     1.31909e+12          0    12.595277748  9.6550693489e-06 7.6207595491e+11 1.3342267432e+34 4.6434869039e+37    18302.642117 4.6258903752e+46               0  1.66306211e+48               0 1.1089899692e+47               0
                0        0     1.32718e+12          0     12.59755581  8.4433009839e-06 7.5662138636e+11 1.1753973395e+34 4.6466874227e+37    18371.660843 4.7324566486e+46               0 1.6636815849e+48               0 1.1253575097e+47               0
                0        0     1.34337e+12          0    12.600405152  5.2803332063e-06 7.4586530933e+11 7.4584775012e+33 4.6504622265e+37    18507.411747 4.9436958469e+46               0 1.6644565696e+48               0 1.1570992168e+47               0
                0        0     1.34337e+12          0    12.600405152  6.2440336773e-06 7.4586530933e+11 8.8197056663e+33 4.6505983493e+37    18507.547177 4.9440500427e+46               0 1.6644565696e+48               0 1.1571639124e+47               0
                0        0     1.34944e+12          0    12.604037976  1.7952703447e-05 7.419446081e+11 2.549956847e+34 4.657630896e+37     18563.39418 5.0384820076e+46               0 1.6654449115e+48               0 1.1716561544e+47               0
                0        0     1.34944e+12          0    12.604037976  9.9842668316e-06 7.419446081e+11 1.4181401506e+34 4.6564990793e+37    18562.266339 5.0354933352e+46               0 1.6654449115e+48               0 1.171113945e+47               0
                0        0     1.35956e+12          0     12.61492494  3.2280743942e-05 7.3548158956e+11 4.6293621192e+34 4.6758147918e+37    18662.949594 5.2159445798e+46               0 1.6684085512e+48               0 1.1990882477e+47               0
                0        0     1.36765e+12          0     12.62751899  4.6677988477e-05 7.3038995653e+11 6.747456976e+34 4.6966146614e+37    18748.680016 5.3778711061e+46               0 1.6718401565e+48               0 1.2242449062e+47               0
                0        0     1.36968e+12          0    12.631705692  6.2069575615e-05 7.2912986304e+11 8.9908477272e+34 4.7050809194e+37    18773.324722 5.4278995495e+46               0 1.6729817175e+48               0 1.2321686107e+47               0
                0        0     1.38384e+12          0     12.67337903  8.8260621804e-05 7.2038159032e+11 1.2982596361e+35 4.7713516188e+37    18953.128792 5.8080114137e+46               0 1.6843656122e+48               0 1.2919211371e+47               0
                0        0     1.39193e+12          0    12.690125838  6.2069575615e-05 7.1544613734e+11 9.2051848779e+34 4.7927752469e+37    19039.702373 5.9842497466e+46               0 1.6889511312e+48               0 1.3182837365e+47               0
                0        0     1.41015e+12          0     12.71846245  4.6677988477e-05 7.044927994e+11 7.0458750938e+34 4.8334854442e+37    19227.759682 6.3714343549e+46               0 1.6967242051e+48               0 1.3746271026e+47               0
                0        0     1.41824e+12          0    12.726607152  3.0187140197e-05 6.9973856601e+11 4.5905376472e+34 4.8434050905e+37    19302.859702 6.5219328468e+46               0 1.698961674e+48               0 1.395545528e+47               0
                0        0     1.41824e+12          0    12.726607152  1.8878654106e-05 6.9973856601e+11 2.8708639453e+34 4.8416854168e+37    19301.146081 6.5164647269e+46               0 1.698961674e+48               0 1.3946370724e+47               0
                0        0     1.42431e+12          0    12.729036642  1.2006059128e-05 6.962162313e+11 1.8353403996e+34 4.8443458399e+37    19352.566745 6.6150572391e+46               0 1.6996293738e+48               0 1.4078049602e+47               0
                0        0     1.43038e+12          0    12.730803442  8.7311822335e-06 6.9272832099e+11 1.3416235598e+34 4.8465412606e+37    19403.423732 6.7128067011e+46               0 1.7001150277e+48               0 1.4207197583e+47               0
                0        0     1.43038e+12          0    12.730803442  4.3911374355e-06 6.9272832099e+11 6.7473719827e+33 4.8458743743e+37    19402.756217 6.7106347924e+46               0 1.7001150277e+48               0 1.4203631193e+47               0
                0        0     1.43038e+12          0    12.730803442  2.7005094223e-06 6.9272832099e+11 4.1495721513e+33 4.8456145943e+37    19402.496174 6.7097888358e+46               0 1.7001150277e+48               0 1.4202242012e+47               0
                0        0     1.43241e+12          0    12.730909971  1.579331114e-06 6.9157702203e+11 2.4308425911e+33 4.8456048978e+37    19418.629842 6.7399771401e+46               0 1.7001443123e+48               0 1.4241162546e+47               0
                0        0     1.43443e+12          0    12.730980029  1.0386361194e-06 6.9042956167e+11 1.6012923698e+33 4.8456285992e+37    19434.783317 6.7703228799e+46               0 1.7001635712e+48               0 1.4280233723e+47               0
                0        0     1.43645e+12          0    12.731007429  4.0622021978e-07 6.8928590521e+11 6.2732076636e+32 4.8455729168e+37    19450.843758 6.8004560831e+46               0 1.7001711036e+48               0 1.431885033e+47               0
                0        0     1.43645e+12          0    12.731007429  6.3875172844e-07 6.8928590521e+11 9.8641624489e+32 4.8456088264e+37    19450.879794 6.8005743499e+46               0 1.7001711036e+48               0 1.4319043465e+47               0
                0        0     1.45264e+12          0    12.731284614  5.1367331852e-07 6.801673731e+11 8.039114116e+32 4.8460125844e+37    19581.235817 7.0490665939e+46               0 1.7002473031e+48               0 1.4635157489e+47               0
                0        0     1.45264e+12          0    12.731284614  1.9638950331e-06 6.801673731e+11  3.07354416e+33 4.8462395476e+37    19581.465085 7.0498370166e+46               0 1.7002473031e+48               0 1.4636396982e+47               0
                0        0     1.45871e+12          0    12.732993161  8.4433009839e-06 6.7683825683e+11 1.328075095e+34 4.8498621007e+37     19633.23023 7.1549668636e+46               0 1.700717028e+48               0 1.4772536744e+47               0
                0        0     1.45871e+12          0    12.732993161  4.2463545071e-06 6.7683825683e+11 6.6792332479e+33 4.8492019489e+37    19632.562088 7.1526994263e+46               0 1.700717028e+48               0 1.4768910104e+47               0
                0        0     1.46276e+12          0    12.734784204  1.3276476242e-05 6.7463979397e+11 2.0954013143e+34 4.853358013e+37    19668.736665 7.2291035077e+46               0 1.7012095025e+48               0 1.486913007e+47               0
                0        0     1.46478e+12          0    12.736394441  2.3872422965e-05 6.7354703221e+11 3.7743296445e+34 4.8574910587e+37    19688.874921 7.2745729381e+46               0 1.7016523221e+48               0 1.4930580819e+47               0
                0        0      1.4749e+12          0    12.754700672   5.42794764e-05 6.681119067e+11 8.6640602358e+34 4.8903463195e+37    19802.141481 7.5485102498e+46               0 1.7066906084e+48               0 1.5307825799e+47               0
                0        0      1.4749e+12          0    12.754700672  3.8817524313e-05 6.681119067e+11 6.1960319288e+34 4.8878782912e+37    19799.642604 7.5397064148e+46               0 1.7066906084e+48               0 1.5294009152e+47               0
                0        0     1.49716e+12          0    12.798495574  5.9025218527e-05 6.5635411132e+11 9.6232788461e+34 4.9586991845e+37    20048.168174 8.1614729375e+46               0 1.7187739577e+48               0 1.6129851762e+47               0
                0        0     1.50728e+12          0    12.811369491  3.8172222174e-05 6.5113188938e+11 6.2796984292e+34 4.9752986334e+37    20145.227053 8.3943306093e+46               0 1.7223340189e+48               0 1.6424241852e+47               0
                0        0     1.51942e+12          0    12.822417503  2.7298552982e-05 6.4495455999e+11 4.5377981821e+34 4.9907192498e+37    20257.138015 8.6613265994e+46               0 1.7253920728e+48               0 1.675287646e+47               0
                0        0     1.52549e+12          0    12.826237698  1.8878654106e-05 6.4191664013e+11 3.1539618334e+34 4.9952802209e+37    20309.653219 8.7836217066e+46               0 1.726450117e+48               0 1.689849617e+47               0
                0        0     1.53156e+12          0    12.828924263  1.3276476242e-05  6.38905783e+11 2.2289534502e+34 4.9985391006e+37    20360.771256 8.9014907093e+46               0 1.7271943829e+48               0 1.7036351445e+47               0
                0        0     1.53358e+12          0    12.829513197  8.7311822335e-06 6.3791099938e+11 1.4682090401e+34 4.9986958758e+37     20376.80054 8.9370824876e+46               0 1.727357558e+48               0 1.7076637477e+47               0
                0        0     1.54168e+12          0    12.831226361  6.3495891849e-06 6.3394518114e+11 1.0745505311e+34 5.0009719319e+37    20442.763896 9.0872755314e+46               0 1.7278322655e+48               0 1.7247963624e+47               0
                0        0     1.54572e+12          0    12.831838938  4.5408568562e-06 6.3198614578e+11 7.7087490423e+33 5.0016231281e+37    20475.090177 9.1605115172e+46               0 1.7280020228e+48               0 1.7330302831e+47               0
                0        0     1.54775e+12          0      12.8319879  2.2084166223e-06 6.3101256846e+11 3.7549286848e+33 5.0014599646e+37    20490.712287 9.1951338103e+46               0 1.7280433043e+48               0 1.7368425689e+47               0
                0        0     1.55584e+12          0    12.832181697  7.1828173649e-07 6.2713049224e+11 1.2288593005e+33 5.0015094837e+37    20554.086335 9.3375688066e+46               0 1.7280970117e+48               0 1.7525428688e+47               0
                0        0     1.55584e+12          0    12.832181697  5.8739484976e-07 6.2713049224e+11 1.0049338407e+33 5.0014870912e+37    20554.063329 9.3374751304e+46               0 1.7280970117e+48               0 1.7525293326e+47               0
                0        0     1.55584e+12          0    12.832181697  1.381115709e-06 6.2713049224e+11 2.3628567981e+33 5.0016228835e+37     20554.20284 9.3380432058e+46               0 1.7280970117e+48               0 1.7526114187e+47               0
                0        0     1.56596e+12          0     12.83232337  4.2007063027e-07 6.2233737068e+11 7.242132842e+32 5.0016798922e+37    20633.262054 9.5172512782e+46               0 1.7281362742e+48               0 1.7721688936e+47               0
                0        0     1.57203e+12          0    12.832473674  7.427721395e-07 6.1950532406e+11 1.2864286342e+33 5.0019704514e+37    20680.670726 9.6260146446e+46               0 1.7281779292e+48               0 1.7839725623e+47               0
                0        0     1.59227e+12          0    12.832797684  4.8035846104e-07 6.1015082007e+11 8.4472305361e+32 5.0024314708e+37    20839.080307 9.9928400848e+46               0 1.7282677268e+48               0 1.8231427745e+47               0
                0        0     1.60845e+12          0    12.833114651  5.8739484976e-07 6.0289120428e+11 1.0454132847e+33 5.0029457844e+37    20964.708885 1.0288802714e+47               0 1.7283555744e+48               0 1.8541542021e+47               0
                0        0     1.61655e+12          0     12.83328699  6.3875172844e-07 5.9934698877e+11 1.1435533252e+33 5.0032243424e+37    21026.897195 1.0436900518e+47               0 1.7284033395e+48               0 1.8694762479e+47               0
                0        0      1.6206e+12          0    12.833380694  6.9459882181e-07 5.9759558321e+11 1.2471896404e+33 5.0033808309e+37    21057.851639 1.0511032393e+47               0 1.7284293104e+48               0 1.8770996686e+47               0
                0        0     1.63678e+12          0      12.8337312  6.495498385e-07 5.9063100726e+11 1.1800867356e+33 5.0039207402e+37     21182.21369 1.0811192041e+47               0 1.7285264582e+48               0 1.9076245516e+47               0
                0        0     1.66714e+12          0    12.834410807  6.7169677126e-07 5.7787500621e+11 1.2473261855e+33 5.0049874487e+37    21415.866632 1.1385993727e+47               0 1.7287148287e+48               0 1.9646681716e+47               0
                0        0     1.66916e+12          0    12.834467147  8.3525357102e-07 5.7706077568e+11 1.5532429191e+33 5.0051059205e+37    21431.096979 1.1424053571e+47               0 1.7287304451e+48               0 1.9683898378e+47               0
                0        0     1.69142e+12          0     12.83495724  6.6053049081e-07 5.6812993242e+11 1.2476833481e+33 5.0058398789e+37    21599.677353 1.1847876603e+47               0 1.728866294e+48               0 2.009217333e+47               0
                0        0     1.69344e+12          0    12.835032157  1.1106698548e-06 5.6734286737e+11 2.1008792922e+33 5.0060420713e+37     21614.87285 1.1886747608e+47               0 1.7288870606e+48               0 2.012939125e+47               0
                0        0     1.69344e+12          0    12.835032157  1.4523498273e-06 5.6734286737e+11 2.7471814994e+33 5.0061067016e+37    21614.942614 1.1887077465e+47               0 1.7288870606e+48               0 2.0129818223e+47               0
                0        0     1.69951e+12          0    12.835436279  1.9970947158e-06 5.6498823269e+11 3.7934524868e+33 5.0068418111e+37     21660.73191  1.20048682e+47               0 1.7289990839e+48               0 2.0242355736e+47               0
                0        0     1.71166e+12          0    12.835995231  1.381115709e-06 5.6031769282e+11 2.6453919636e+33 5.0075991392e+37     21751.64376 1.2238606401e+47               0 1.7291540322e+48               0 2.0462378868e+47               0
                0        0     1.71368e+12          0    12.836075344  1.1876994294e-06 5.5955197992e+11 2.2780493211e+33 5.0076874138e+37    21766.617499 1.2277210317e+47               0 1.7291762409e+48               0 2.049839185e+47               0
                0        0     1.71773e+12          0    12.836195837  8.9318188068e-07 5.5802473861e+11 1.7178591001e+33 5.0078194193e+37     21796.52699 1.2354373571e+47               0 1.7292096442e+48               0 2.0570076458e+47               0
                0        0      1.7238e+12          0    12.836341185  7.1828173649e-07 5.5574635647e+11 1.3871524897e+33 5.0080131649e+37     21841.37193 1.2470460477e+47               0 1.7292499382e+48               0 2.0677365767e+47               0
                0        0     1.73594e+12          0    12.836608509  6.6053049081e-07 5.5122673962e+11 1.2861086033e+33 5.0084202401e+37    21931.175643 1.270441744e+47               0 1.729324048e+48               0 2.0891654389e+47               0
                0        0     1.74606e+12          0    12.836787656  5.3118743025e-07 5.4752120515e+11 1.041281031e+33 5.008675346e+37    22005.544022 1.2899393282e+47               0 1.7293737138e+48               0 2.1068102505e+47               0
                0        0     1.74606e+12          0    12.836787656  7.427721395e-07 5.4752120515e+11 1.4560482707e+33 5.0087168227e+37    22005.589578 1.2899619535e+47               0 1.7293737138e+48               0 2.1068384212e+47               0
                0        0     1.74606e+12          0    12.836787656  1.1876994294e-06 5.4752120515e+11 2.3282344724e+33 5.0088040413e+37    22005.685376 1.2900095311e+47               0 1.7293737138e+48               0 2.1068976598e+47               0
                0        0      1.7501e+12          0    12.837061626  2.0308556398e-06 5.4605880264e+11 3.9918114625e+33 5.0093979951e+37    22035.785648 1.2980651949e+47               0 1.7294496687e+48               0 2.1142288903e+47               0
                0        0      1.7501e+12          0    12.837061626  4.5408568562e-06 5.4605880264e+11 8.9254224147e+33 5.0098913562e+37    22036.328189 1.298335683e+47               0 1.7294496687e+48               0 2.1145646679e+47               0
                0        0     1.75415e+12          0    12.838091664  7.6353671712e-06 5.446041194e+11 1.5049228296e+34 5.0121116061e+37    22068.183332 1.3073019399e+47               0 1.7297352499e+48               0 2.122988298e+47               0
                0        0     1.75617e+12          0    12.838972298  1.3055768233e-05 5.4388042651e+11 2.5768789517e+34 5.0145585228e+37    22085.555251 1.3125280113e+47               0 1.7299794271e+48               0 2.1281043717e+47               0
                0        0     1.76022e+12          0    12.841562149  1.9197798111e-05 5.4243676262e+11 3.8000115509e+34 5.0198269047e+37    22120.731726 1.3232276456e+47               0 1.7306976247e+48               0 2.1385986724e+47               0
                0        0     1.76427e+12          0      12.8456345  3.0187140197e-05 5.4100015523e+11 5.9930085421e+34 5.0283857137e+37    22159.518124 1.3358109035e+47               0 1.7318272376e+48               0 2.1513491403e+47               0
                0        0     1.76629e+12          0    12.848836238  4.7467080756e-05 5.4028478967e+11 9.4383989363e+34 5.0368402451e+37    22183.498287 1.3444694792e+47               0 1.7327156115e+48               0 2.160595339e+47               0
                0        0     1.77843e+12          0    12.861900596  3.2280743942e-05 5.3600544898e+11 6.4765576088e+34 5.0543565277e+37    22291.214294 1.3782090168e+47               0 1.7363428723e+48               0 2.193393202e+47               0
                0        0     1.78855e+12          0     12.86968632  2.3085310433e-05 5.3248765327e+11 4.6650778152e+34 5.0647787295e+37    22376.245024 1.4042235788e+47               0 1.7385063343e+48               0 2.2178116281e+47               0
                0        0     1.79057e+12          0     12.87062803  1.396124007e-05 5.3179196875e+11 2.8251838425e+34 5.0644200476e+37    22390.479987 1.4080187426e+47               0 1.7387681032e+48               0 2.2209758383e+47               0
                0        0     1.79664e+12          0    12.872485957  9.1815124006e-06 5.2971111326e+11 1.8655303603e+34 5.0663836742e+37    22436.589266 1.421215236e+47               0 1.739284612e+48               0 2.2325809028e+47               0
                0        0     1.79664e+12          0    12.872485957  6.2440336773e-06 5.2971111326e+11 1.2686836207e+34 5.0657868274e+37     22435.92845 1.4208662015e+47               0 1.739284612e+48               0 2.2321641336e+47               0
                0        0     1.80069e+12          0     12.87300399  3.8400236901e-06 5.2833445065e+11 7.8229333682e+33 5.0661157402e+37    22465.504338 1.4290964154e+47               0  1.73942864e+48               0 2.2391855466e+47               0
                0        0     1.80069e+12          0     12.87300399  2.5680562047e-06 5.2833445065e+11 5.2316689158e+33 5.0658566138e+37    22465.217061 1.4289441856e+47               0  1.73942864e+48               0 2.2390042816e+47               0
