                0        0      3.5232e+08          0    0.7820376576        0.0665904 2.6385927504e+12 1.6501813668e+36 3.6843518159e+36    5220.4260968 5.085766303e+37               0 3.7366246619e+45               0 8.5597781296e+39               0
                0        0      6.5232e+08          0    1.4479416576        0.0665904 3.2400135799e+12 2.4881732123e+36 5.5553320848e+36    5220.4260968 7.6684101112e+37               0 1.560015647e+46               0 1.2906587768e+40               0
                0        0     1.70023e+09          0    3.7739709658        0.0665904 4.4589163777e+12 4.7124375139e+36 1.0521436044e+37    5220.4260968 1.452346778e+38               0 1.307948848e+47               0 2.4444234057e+40               0
                0        0     5.00232e+09          0    11.103549658        0.0665904 6.3892579573e+12 9.6758203048e+36 3.7713093999e+37    6000.6692639 1.7914748733e+40               0 1.2820597792e+48               0 1.4653111117e+42               0
                0        0     6.67284e+09          0    11.350736502        0.0044391 6.3100963999e+12 6.676482737e+35 3.1286196333e+37    5762.6475113 5.6213948057e+39               0 1.3417872851e+48               0 5.6149610735e+41               0
                0        0     8.33718e+09          0    13.966502011        0.0471496 6.2679452686e+12 8.7842607597e+36 7.8968406372e+37    7287.9033856  2.25666383e+42               0 2.0566305604e+48               0 7.8049065615e+43               0
                0        0     1.16721e+10          0     15.87913924        0.0172057 6.1052222132e+12 3.7416450113e+36 1.2101416357e+38    8215.9951455 2.8466597778e+43               0 2.6745669288e+48               0 6.2136791695e+44               0
                0        0     1.33457e+10          0    16.998934955        0.0200727 6.0016203136e+12 4.7536121347e+36 1.587729574e+38    8868.7361825 1.2378529236e+44               0 3.0734536026e+48               0 2.0631573328e+45               0
                0        0     1.66821e+10          0    19.984430299        0.0268446 5.8121555444e+12 7.7174928349e+36 3.0192619445e+38    10582.991446 2.5569129637e+45               0 4.2699361312e+48               0 2.4260134047e+46               0
                0        0     2.16767e+10          0    24.693748176        0.0282864 5.4808562369e+12 1.0655676735e+37 6.9651727039e+38    13431.070477 7.1533136673e+46               0 6.5467529518e+48               0 3.5296130967e+47               0
                0        0     2.83596e+10          0    30.351616508        0.0253986 4.8789247015e+12 1.3210895071e+37 1.5785762929e+39     17466.51243 1.183199409e+48               0 9.9039918827e+48               0 3.1413330152e+48               0
                0        0     3.50163e+10          0     34.85749236        0.0203068 4.0625336489e+12 1.4568183902e+37 2.7377271097e+39    21965.996726 6.9941985547e+48               0 1.3056314957e+49               0 1.1464827247e+49               0
                0        0     3.67005e+10          0    35.953603404        0.0195246 3.8290746383e+12 1.5328352911e+37 3.097509208e+39    23335.015653 1.0250001547e+49               0 1.3886693052e+49               0 1.4892608273e+49               0
                0        0     4.16859e+10          0    38.696819754        0.0165075 3.2294665866e+12 1.6538287559e+37 4.1526239302e+39     27341.17117 2.4276419002e+49               0 1.607308099e+49               0 2.5970517944e+49               0
                0        0     4.33734e+10          0    39.463107879        0.0136229 3.0433594054e+12 1.476972346e+37 4.4883327802e+39    28717.491531 3.0406447945e+49               0 1.6711354523e+49               0 2.9657004842e+49               0
                0        0     4.66884e+10          0    40.772610229        0.0118507 2.7146169733e+12 1.4882254029e+37 5.1124439003e+39    31412.660438 4.392320849e+49               0 1.7829814123e+49               0 3.6277775834e+49               0
                0        0     5.00463e+10          0    42.064036183        0.0115378 2.4310802765e+12 1.6691655122e+37 5.7914284418e+39    34245.115452 6.0362952037e+49               0 1.8966999009e+49               0 4.2596002419e+49               0
                0        0     5.67192e+10          0    44.064364743       0.00899307 1.9645910589e+12 1.6865067281e+37 6.4249693744e+39    39096.109722 8.4845135543e+49               0 2.0795160384e+49               0 4.7221115623e+49               0
                0        0     5.83605e+10          0    44.556251411        0.0089908 1.8832885791e+12 1.7785040723e+37 6.4974224584e+39    40043.193054 8.8924451345e+49               0 2.1257101407e+49               0 4.7435111672e+49               0
                0        0     6.17238e+10          0    45.797140946        0.0110685 1.7367400544e+12 2.4403778205e+37 6.6844987974e+39    41995.394284 9.7651211689e+49               0 2.2444120808e+49               0 4.7891206428e+49               0
                0        0     6.50301e+10          0    47.255770296         0.013235 1.6183572074e+12 3.2312395809e+37 6.9045300469e+39    43857.936942 1.0635452679e+50               0 2.3879028544e+49               0 4.8330369919e+49               0
                0        0     6.83649e+10          0    49.333584132        0.0186921 1.5200953254e+12 5.0721804379e+37 7.2251076103e+39    45769.643446 1.1657884029e+50               0 2.5996704686e+49               0 4.9165704007e+49               0
                0        0     7.00323e+10          0    50.800851668        0.0263992 1.2888606927e+14 8.7000256787e+35 7.3886346572e+39    4998.5025696 3.0110045107e+40               0 2.7543911748e+49               0 6.4790889788e+42               0
                0        0      8.0037e+10          0    56.618584718         0.017445 1.3606611564e+14 6.0693858804e+35 8.2344212398e+39    4998.4475295 3.3546154854e+40               0 3.4099908517e+49               0 7.2189312996e+42               0
                0        0     8.50395e+10          0    60.842012043        0.0253279 1.4104973227e+14 9.1347199694e+35 8.8489239153e+39    4998.4844243 3.6057227435e+40               0 3.9277198749e+49               0 7.7589682376e+42               0
                0        0     9.17091e+10          0    69.246263843        0.0378025 1.5047649105e+14 1.4544974587e+36 1.0071661663e+40    4998.5358967 4.1051745225e+40               0 5.0613918212e+49               0 8.8331872583e+42               0
                0        0      9.8379e+10          0     74.42964323        0.0233139 1.5600677205e+14 9.2999833191e+35 1.0824935295e+40    4998.4627824 4.4103503868e+40               0 5.8285565152e+49               0 9.4906421913e+42               0
                0        0     1.01761e+11          0    76.399904351        0.0174777 1.580581483e+14 7.0635814861e+35 1.1111238848e+40    4998.4348626 4.526270403e+40               0 6.1336539498e+49               0 9.7404049822e+42               0
                0        0     1.03381e+11          0    77.176476334        0.0143783 1.5885941367e+14 5.8404227697e+35 1.122405029e+40    4998.4204456 4.5718459354e+40               0 6.2559404302e+49               0 9.8386461483e+42               0
                0        0     1.06716e+11          0    78.475736646        0.0116882 1.6019102595e+14 4.787509034e+35 1.1412891228e+40    4998.4078407 4.6484285571e+40               0 6.463100136e+49               0 1.0003598233e+43               0
                0        0     1.15053e+11          0    82.309449514        0.0137948 1.6405721352e+14 5.786747445e+35 1.197051268e+40    4998.4158303 4.8757698785e+40               0 7.0930303458e+49               0 1.0492748678e+43               0
                0        0     1.25116e+11          0    87.856021718        0.0165362 1.6949474939e+14 7.1666427324e+35 1.2777266479e+40    4998.4255119 5.2046627859e+40               0 8.0535094387e+49               0 1.1200407098e+43               0
                0        0     1.28393e+11          0    89.634406271        0.0162811 1.7120161427e+14 7.1271416188e+35 1.3035885881e+40    4998.4237426 5.3099541672e+40               0 8.3736966617e+49               0 1.1427016964e+43               0
                0        0     1.31728e+11          0    91.126062311         0.013419 1.7262026715e+14 5.9229180891e+35 1.3252691029e+40    4998.4112696 5.3978787465e+40               0 8.6468219643e+49               0 1.1616398026e+43               0
                0        0     1.33457e+11          0    91.922232103        0.0138128 1.7337272012e+14 6.1233104132e+35 1.3368494857e+40    4998.4126591 5.4450896842e+40               0 8.7943027637e+49               0 1.1717978573e+43               0
                0        0     1.41798e+11          0    95.086104871        0.0113792 1.7633113822e+14 5.1305571644e+35 1.3828504943e+40    4998.4017837 5.6321028195e+40               0 9.3920407704e+49               0 1.2120588172e+43               0
                0        0     1.46735e+11          0    96.957005461        0.0113698 1.7805742118e+14 5.1765056673e+35 1.4100587127e+40    4998.4012963 5.7429009211e+40               0 9.7542537745e+49               0 1.2359038607e+43               0
                0        0     1.55072e+11          0    100.53495776        0.0128745 1.8131303691e+14 5.9687473086e+35 1.4620993641e+40    4998.4064346 5.9550286718e+40               0 1.0465005192e+50               0 1.2815473092e+43               0
                0        0     1.65076e+11          0    105.32997702        0.0143783 1.8558654085e+14 6.8230382694e+35 1.5318399542e+40    4998.4110813 6.2392440531e+40               0 1.1454534568e+50               0 1.3427044489e+43               0
                0        0     1.75081e+11          0    109.01840977        0.0110601 1.8880800513e+14 5.3395326527e+35 1.5854645213e+40    4998.3975058 6.4571545707e+40               0 1.2244409208e+50               0 1.3896212611e+43               0
                0        0     1.86753e+11          0    112.28299667       0.00839096 3.4685399621e+11 2.2711389057e+38 7.0031254376e+39    95071.749553 1.3362543457e+50               0 1.2964895563e+50               0 1.6024369618e+49               0
                0        0     1.96758e+11          0    114.21037211       0.00577941 3.5047379324e+11 1.5747015554e+38 7.1681032851e+39    95131.676436 1.3674410701e+50               0 1.339903896e+50               0 1.6380614193e+49               0
                0        0      2.0176e+11          0    114.89273646       0.00409214 3.5174961878e+11 1.1175685593e+38 7.2064120708e+39    95085.614226 1.374975134e+50               0 1.3554360367e+50               0 1.648457832e+49               0
                0        0      2.0843e+11          0    115.56414508       0.00302001 3.5300207908e+11 8.2664488437e+37 7.2604812855e+39    95094.321029 1.3852484548e+50               0 1.3708012918e+50               0 1.6605132288e+49               0
                0        0       2.151e+11          0    116.00784239       0.00199567 3.538282047e+11 5.4707690762e+37 7.287747357e+39    95072.291936 1.3905598764e+50               0 1.3810002243e+50               0 1.6675438373e+49               0
                0        0     2.20102e+11          0    116.26736653       0.00155646 3.5431084479e+11 4.2704742576e+37 7.308143048e+39    95073.919435 1.3944434434e+50               0 1.3869822526e+50               0 1.672151779e+49               0
                0        0     2.30107e+11          0    116.99039619       0.00216807 3.5565326077e+11 5.9629541623e+37 7.4157117024e+39     95241.59787 1.4141209301e+50               0 1.4037124454e+50               0 1.690621079e+49               0
                0        0     2.33441e+11          0    117.34516556       0.00319152 3.5631076113e+11 8.788172792e+37 7.4886456678e+39    95386.785184 1.4272858357e+50               0 1.4119560868e+50               0 1.7018991935e+49               0
                0        0     2.35109e+11          0    117.56337653       0.00392607 3.5671479035e+11 1.0818666336e+38 7.5365005991e+39    95484.688826 1.4359012779e+50               0 1.4170378904e+50               0 1.7091563679e+49               0
                0        0     2.38444e+11          0     118.1970052       0.00570015 3.5788633322e+11 1.5740277946e+38 7.666004929e+39    95735.184254 1.4592558221e+50               0 1.431842982e+50               0 1.729151726e+49               0
                0        0     2.40111e+11          0    118.66994491       0.00850764 3.5875917573e+11 2.3529439487e+38 7.8041048485e+39    96046.407689 1.483866611e+50               0 1.4429408159e+50               0 1.7485328957e+49               0
                0        0     2.50116e+11          0    123.14491303         0.013419 2.0066827643e+14 6.8852967501e+35 1.7909160652e+40    4998.4034636 7.2941514442e+40               0 1.5498508211e+50               0 1.5697375724e+43               0
                0        0      2.6012e+11          0    127.04281085        0.0116882 2.0381940494e+14 6.0913976717e+35 1.847593695e+40    4998.3966202 7.5246952019e+40               0 1.6459814181e+50               0 1.6193645395e+43               0
                0        0      2.6679e+11          0    129.33774557        0.0103222 2.0565208912e+14 5.4278668379e+35 1.8809613774e+40    4998.3914811 7.6603652295e+40               0 1.7038531106e+50               0 1.6485714241e+43               0
                0        0     2.78462e+11          0    134.21034153        0.0125237 2.0949008505e+14 6.7084149502e+35 1.9518343969e+40    4998.3983703 7.9493163816e+40               0 1.8298444149e+50               0 1.7107423864e+43               0
                0        0     2.88467e+11          0    139.41943252        0.0156204 2.1351684211e+14 8.5280174018e+35 2.0276063196e+40    4998.4079797 8.2583724596e+40               0 1.9692067284e+50               0 1.7772334425e+43               0
                0        0     2.96804e+11          0    144.83386968        0.0194827 2.1762337912e+14 1.0841228097e+36 2.1063694455e+40    4998.4197381 8.5797525287e+40               0 2.1191529959e+50               0 1.8463705771e+43               0
                0        0     3.01806e+11          0    147.62442969         0.016737 2.1970988599e+14 9.4026658861e+35 2.1469370579e+40    4998.4101494 8.7445117234e+40               0 2.1984519909e+50               0 1.8818477591e+43               0
                0        0     3.08475e+11          0    150.95592864        0.0149865 2.2217519468e+14 8.5137241909e+35 2.1953768251e+40    4998.4038817 8.9414852416e+40               0 2.2949139487e+50               0 1.9242510472e+43               0
                0        0     3.25152e+11          0    160.13244789        0.0165075  2.28828521e+14 9.6586237578e+35 2.3288387229e+40     4998.407248 9.4852419853e+40               0 2.5706509794e+50               0 2.0412621983e+43               0
                0        0     3.28485e+11          0    161.66505017        0.0137948 2.299209541e+14 8.109942045e+35 2.351111258e+40    4998.3985256 9.5754762655e+40               0 2.6181319751e+50               0 2.0607017498e+43               0
                0        0      3.3849e+11          0    165.35359352        0.0110601 2.3252909487e+14 6.575974858e+35 2.4047369289e+40     4998.389593 9.793376531e+40               0 2.7340756595e+50               0 2.1076169921e+43               0
                0        0     3.48495e+11          0    168.43599062       0.00924257 4.4420194075e+11 2.9302990602e+38 1.5541137156e+40    102537.40766 2.8819154998e+50               0 2.8331344577e+50               0 3.0345358549e+49               0
                0        0     3.55164e+11          0    170.25048769       0.00816238 4.4711482302e+11 2.5986683675e+38 1.5838267778e+40    102687.89403 2.9352252481e+50               0 2.8920170044e+50               0 3.082871016e+49               0
                0        0     3.60168e+11          0    171.83532121        0.0095014 4.496491259e+11 3.0359250202e+38 1.6173376875e+40    102935.49585 2.9943176451e+50               0 2.9439114292e+50               0 3.1319155067e+49               0
                0        0     3.65169e+11          0    173.62881317        0.0107588 2.3827659241e+14 6.5549442788e+35 2.5250799279e+40    4998.3878603 1.0283375135e+41               0 3.0027493558e+50               0 2.2130732441e+43               0
                0        0     3.71838e+11          0    176.33700515        0.0121826 2.4012767318e+14 7.4800755938e+35 2.5644733319e+40      4998.39187 1.0444045551e+41               0 3.0932371857e+50               0 2.2476405228e+43               0
                0        0      3.7851e+11          0    178.60117059        0.0101806 2.416643746e+14 6.2908567557e+35 2.597388292e+40    4998.3856866 1.0577718273e+41               0 3.1698545865e+50               0 2.2764242079e+43               0
                0        0     3.86847e+11          0    180.86949599       0.00816238 4.6392525591e+11 2.6607181726e+38 1.7848417103e+40    103867.04582 3.2918698286e+50               0 3.2479790309e+50               0 3.3901064745e+49               0
                0        0     3.98517e+11          0    184.41554997       0.00911582 4.6945250836e+11 2.9941004682e+38 1.8577938284e+40    104293.05951 3.4204089908e+50               0 3.3711523722e+50               0 3.4977206967e+49               0
                0        0      4.1019e+11          0    188.54436789        0.0106112 2.4830031142e+14 6.7369845872e+35 2.7419926944e+40    4998.3861237 1.1166639681e+41               0  3.51669579e+50               0 2.4031644063e+43               0
                0        0     4.18527e+11          0    190.94151662       0.00862594 4.795174212e+11 2.8718857893e+38 1.9882261471e+40    104958.13647 3.6504711469e+50               0 3.6034389147e+50               0 3.6923022765e+49               0
                0        0     4.25196e+11          0      193.204664        0.0101806 2.5135022908e+14 6.5429928977e+35 2.8097635766e+40    4998.3845204 1.1442527925e+41               0 3.6850485378e+50               0 2.4625426773e+43               0
                0        0     4.38537e+11          0    197.04061952       0.00862594 4.8880335926e+11 2.9073195542e+38 2.115761954e+40    105584.81684 3.8744854528e+50               0 3.8270722468e+50               0 3.8788664892e+49               0
                0        0     4.46874e+11          0    199.09994189        0.0074103 4.9191329105e+11 2.5077435417e+38 2.155611166e+40    105742.64967 3.9448494822e+50               0 3.9040027459e+50               0 3.9391506911e+49               0
                0        0     4.58547e+11          0    201.54297238       0.00627867 4.9558646618e+11 2.1349152183e+38 2.2044885462e+40    105942.22841 4.0309186478e+50               0 3.9961962999e+50               0 4.0120281932e+49               0
                0        0     4.70217e+11          0    203.50118671       0.00503397 4.985181823e+11 1.7181509647e+38 2.2429502571e+40    106088.00197 4.0987331241e+50               0 4.0708208529e+50               0 4.0698622519e+49               0
                0        0     4.75221e+11          0    204.15605519       0.00392607 4.9949615283e+11 1.3416922476e+38 2.253533803e+40    106108.89854 4.1177112393e+50               0 4.095921008e+50               0 4.0873180789e+49               0
                0        0     4.83558e+11          0    204.99531597       0.00302001 5.0074770521e+11 1.0337085419e+38 2.2689095199e+40    106156.51959 4.1449751607e+50               0 4.1281941781e+50               0 4.1111980812e+49               0
                0        0     4.93563e+11          0     206.0306934       0.00310458 5.0228896771e+11 1.0647456981e+38 2.2920924183e+40    106263.24462 4.1854449304e+50               0 4.1681721207e+50               0 4.1441496636e+49               0
                0        0     5.10237e+11          0    207.55455805       0.00274175 5.0455190886e+11 9.4301592691e+37 2.3247484267e+40    106400.31772 4.2426227139e+50               0 4.2273392702e+50               0 4.1914334963e+49               0
                0        0     5.21907e+11          0    208.37496294       0.00210901 5.0576752761e+11 7.265039604e+37 2.3409230875e+40    106456.74325 4.2711237491e+50               0 4.2593546756e+50               0 4.2157337149e+49               0
                0        0     5.31912e+11          0    208.87297515       0.00149329 5.0650453699e+11 5.1488213547e+37 2.3499749962e+40    106481.95138 4.2871829942e+50               0 4.2788441642e+50               0 4.2298569095e+49               0
                0        0     5.36916e+11          0     209.0493378       0.00105733 5.0676537209e+11 3.6468438952e+37 2.3524344152e+40    106482.38658 4.2916619536e+50               0 4.2857560171e+50               0 4.2342461278e+49               0
                0        0     5.38584e+11          0    209.09455845      0.000813321 5.0683223826e+11 2.8054674821e+37 2.3526093078e+40     106477.3412 4.2920724715e+50               0 4.2875291063e+50               0 4.2349972712e+49               0
                0        0     5.46921e+11          0    209.26368311      0.000608581 5.0708226692e+11 2.099899862e+37 2.355706522e+40    106486.10588 4.2975639132e+50               0 4.2941634787e+50               0 4.2398136835e+49               0
                0        0     5.50254e+11          0    209.30775025      0.000396644 5.0714740148e+11 1.3687267283e+37 2.3559667073e+40    106482.20749 4.298109339e+50               0 4.2958929198e+50               0 4.2406195596e+49               0
                0        0     5.50254e+11          0    209.30775025      0.000273195 5.0714740148e+11 9.4273277432e+36 2.3555407133e+40    106477.39377 4.2974195388e+50               0 4.2958929198e+50               0 4.2402696228e+49               0
                0        0      5.5359e+11          0    209.32701065      0.000173205 5.0717586812e+11 5.9771185401e+36 2.3556290502e+40    106475.40379 4.2976168155e+50               0 4.2966489077e+50               0 4.2406009786e+49               0
                0        0     5.60259e+11          0    209.39208342      0.000292725 5.0727203734e+11 1.0102849968e+37 2.3575060519e+40    106486.51241 4.3008394482e+50               0 4.2992035325e+50               0 4.2430172609e+49               0
                0        0     5.66928e+11          0    209.43815843      0.000207265 5.0734012326e+11 7.1539734671e+36 2.3582483335e+40    106487.74734 4.3021711666e+50               0 4.3010127734e+50               0 4.2442461745e+49               0
                0        0     5.70264e+11          0    209.45338882      0.000136964 5.0736262822e+11 4.727593228e+36 2.3583485888e+40    106486.51731 4.3023764138e+50               0 4.3016109081e+50               0 4.2445332262e+49               0
                0        0     5.76933e+11          0    209.46267367      4.17672e-05 5.0737634752e+11 1.4417054521e+36 2.3582290489e+40    106483.72822 4.3022090124e+50               0 4.3019755658e+50               0 4.2445598359e+49               0
                0        0     5.81937e+11          0    209.48520585      0.000135085 5.074096401e+11 4.6630119126e+36 2.3590585315e+40    106489.59691 4.3036155987e+50               0 4.3028605657e+50               0 4.2455439638e+49               0
                0        0     5.83605e+11          0    209.50363519      0.000331463 5.0743686947e+11 1.1442195257e+37 2.3601514597e+40    106499.07114 4.3054371277e+50               0 4.3035844812e+50               0 4.2466891879e+49               0
                0        0     5.83605e+11          0    209.50363519       0.00101442 5.0743686947e+11 3.5018061481e+37 2.3625090464e+40    106525.65701 4.3092538829e+50               0 4.3035844812e+50               0 4.2486242503e+49               0
                0        0     5.83605e+11          0    209.50363519       0.00219822 5.0743686947e+11 7.5883167829e+37 2.366595557e+40    106571.69241 4.3158680523e+50               0 4.3035844812e+50               0 4.251975293e+49               0
                0        0     5.88606e+11          0    210.22453601       0.00432454 5.0850126923e+11 1.4948445547e+38 2.3902182785e+40    106724.77089 4.3561264439e+50               0 4.331946581e+50               0 4.2810247999e+49               0
                0        0     5.98611e+11          0    212.04839082       0.00546883 5.111878279e+11 1.8967655549e+38  2.43563075e+40    106945.98161 4.4347313001e+50               0 4.4040906699e+50               0 4.3427345963e+49               0
                0        0     6.06948e+11          0    213.40922265       0.00489684 5.1318648184e+11 1.7026235811e+38 2.4648069886e+40    107055.74701 4.4857647867e+50               0  4.45828236e+50               0 4.3849421223e+49               0
                0        0     6.13617e+11          0    214.25821303       0.00381912 5.144308767e+11 1.3299597858e+38 2.480594746e+40    107096.99915 4.5137066147e+50               0 4.4922482014e+50               0 4.4093241943e+49               0
                0        0     6.16953e+11          0    214.56733457       0.00277987 5.148834892e+11 9.6859869909e+37 2.4841056627e+40    107087.77482 4.5202721754e+50               0 4.5046452618e+50               0 4.4163941721e+49               0
                0        0     6.23622e+11          0    215.04929653       0.00216807 5.1558866579e+11 7.5608864972e+37 2.4931091484e+40    107111.35251 4.5362013583e+50               0 4.5240058085e+50               0 4.4302742901e+49               0
                0        0     6.33627e+11          0    215.61321502       0.00169091 5.1641297403e+11 5.9028735127e+37 2.5045038111e+40    107147.91213 4.5562262015e+50               0 4.5467078514e+50               0 4.4472123074e+49               0
                0        0     6.38628e+11          0    215.82706445       0.00128284 5.1672534864e+11 4.4800553934e+37 2.508039774e+40    107153.30785 4.5625542672e+50               0 4.555330824e+50               0 4.4530020704e+49               0
                0        0     6.43632e+11          0     215.9962697       0.00101442 5.1697242499e+11  3.54373656e+37 2.5110305022e+40    107159.62094 4.5678723764e+50               0 4.5621590389e+50               0 4.4577393504e+49               0
                0        0     6.50301e+11          0    216.16269237       0.00074864 5.1721536454e+11 2.6160564139e+37 2.5139682908e+40    107165.77302 4.5730970178e+50               0 4.568879628e+50               0 4.462396009e+49               0
                0        0      6.5697e+11          0    216.38819794       0.00101442 5.1754443543e+11 3.5462429357e+37 2.5201410037e+40    107197.39936 4.5837094747e+50               0 4.5779935205e+50               0 4.4704750861e+49               0
                0        0     6.58638e+11          0    216.46462292       0.00137455 5.1765592888e+11 4.8058590886e+37 2.5231785788e+40    107218.13829 4.5888297202e+50               0 4.5810841914e+50               0 4.4739753542e+49               0
                0        0     6.60306e+11          0    216.58027537       0.00208008 5.1782462057e+11 7.2741289923e+37 2.5283385936e+40    107255.43823 4.5974848286e+50               0 4.5857630984e+50               0 4.4797246133e+49               0
                0        0     6.61974e+11          0    216.74818792       0.00302001 5.180694768e+11 1.0564297058e+38  2.53553939e+40     107306.3564 4.6095800812e+50               0 4.5925602472e+50               0 4.4878334072e+49               0
                0        0     6.70311e+11          0    218.05379269       0.00469811 5.1997084002e+11 1.6472995916e+38 2.5719585934e+40    107492.54851 4.672083975e+50               0 4.6455720386e+50               0 4.5351001458e+49               0
                0        0     6.75312e+11          0    218.60071872        0.0032809 5.2076601289e+11 1.1515073122e+38 2.5798361677e+40    107492.60216 4.6863928884e+50               0 4.6678635201e+50               0 4.5489856096e+49               0
                0        0     6.78648e+11          0    218.88921711       0.00259441 5.2118514658e+11 9.1103634137e+37 2.584215017e+40    107494.93647 4.694300572e+50               0 4.6796421631e+50               0 4.5564906957e+49               0
                0        0     6.80316e+11          0    218.98995264       0.00181179 5.2133144552e+11 6.3633070597e+37 2.5838386961e+40    107475.93941 4.6939969635e+50               0 4.6837582023e+50               0 4.5575857136e+49               0
                0        0     6.85317e+11          0    219.22227576       0.00139366 5.2166875006e+11 4.8967896612e+37 2.5878438887e+40    107482.79928 4.7011356758e+50               0 4.6932573407e+50               0 4.5640143016e+49               0
                0        0     6.90321e+11          0    219.40109036       0.00107203 5.219282719e+11 3.7679024632e+37 2.590930422e+40    107488.10029 4.7066364173e+50               0  4.70057477e+50               0 4.5689657648e+49               0
                0        0     6.91986e+11          0    219.44622962       0.00081332 5.2199377153e+11 2.8588344601e+37 2.5910860216e+40    107482.96996 4.707021984e+50               0 4.7024227956e+50               0 4.5697163983e+49               0
                0        0     7.01991e+11          0    219.65777601      0.000634322 5.223006674e+11 2.2304912786e+37 2.5954501909e+40    107496.60423 4.7146760763e+50               0 4.7110881429e+50               0 4.5761455307e+49               0
                0        0     7.06995e+11          0    219.81788883      0.000959909 5.2253287061e+11 3.3763249225e+37 2.6003778988e+40     107523.6924 4.7230819763e+50               0 4.7176516299e+50               0 4.5823117832e+49               0
                0        0      7.0866e+11          0    219.90191916       0.00151406 5.2265470899e+11 5.3262554535e+37 2.6043137333e+40    107551.81715 4.7296635029e+50               0 4.7210979849e+50               0 4.5866267836e+49               0
                0        0     7.15332e+11          0    220.49507331       0.00266706 5.2351422713e+11 9.3922131793e+37 2.6224193986e+40     107649.7818 4.7605551943e+50               0 4.745458605e+50               0 4.6093370136e+49               0
                0        0     7.20333e+11          0    221.11437881       0.00371509 5.2441067854e+11 1.309723294e+38 2.6408234744e+40    107745.94651 4.7919968981e+50               0 4.7709557746e+50               0 4.6326362513e+49               0
                0        0     7.35339e+11          0    222.52420752       0.00281853 5.2644777696e+11 9.9611477664e+37 2.6713030622e+40     107846.2388 4.8452279208e+50               0 4.8292373166e+50               0 4.676582362e+49               0
                0        0     7.50348e+11          0    223.73559391       0.00242132 5.2819412359e+11 8.5754804108e+37 2.698972109e+40    107945.53361 4.8933359702e+50               0 4.8795794325e+50               0 4.7155207753e+49               0
                0        0     7.65354e+11          0    224.69331685       0.00191468 5.2957217767e+11 6.7924421707e+37 2.7202714005e+40    108017.05682 4.930443039e+50               0 4.9195525805e+50               0 4.7458511984e+49               0
                0        0      7.8036e+11          0    225.49365686       0.00160004 5.3072201952e+11 5.6841144869e+37 2.7385278989e+40    108080.56343 4.9621830934e+50               0 4.9530737838e+50               0 4.7715602181e+49               0
                0        0     7.88697e+11          0    226.05596527       0.00202342 5.3152893158e+11 7.1951500561e+37 2.7536855895e+40    108147.62705 4.9882152986e+50               0 4.9766889478e+50               0 4.7914599464e+49               0
                0        0     8.05374e+11          0    226.98305082       0.00166772 5.3285759136e+11 5.939777304e+37 2.7750038552e+40    108221.15882 5.0252484526e+50               0 5.015738157e+50               0 4.8213730132e+49               0
                0        0     8.17044e+11          0    227.48207558       0.00128284 5.3357189624e+11 4.5728976633e+37 2.785825996e+40    108253.98297 5.0441361537e+50               0 5.0368163006e+50               0 4.8369619863e+49               0
                0        0     8.22048e+11          0    227.64896065       0.00100051 5.3381063942e+11 3.5675053576e+37 2.7889028582e+40    108259.64411 5.0495846399e+50               0 5.0438745183e+50               0 4.8417496594e+49               0
                0        0     8.28717e+11          0    227.82004495       0.00076961 5.3405531911e+11 2.7449923871e+37 2.7922684269e+40    108267.48038 5.0555084027e+50               0 5.0511151311e+50               0 4.8468240507e+49               0
                0        0     8.37054e+11          0    227.97148044      0.000544928 5.3427183788e+11 1.9441157322e+37 2.7951772612e+40    108273.72002 5.0606395044e+50               0 5.0575282172e+50               0 4.8512607672e+49               0
                0        0      8.4039e+11          0    228.05358841      0.000738381 5.3438921039e+11 2.6346595039e+37 2.7978802321e+40    108287.99197 5.0652230702e+50               0 5.0610069667e+50               0 4.8545501668e+49               0
                0        0     8.55396e+11          0    228.52065516       0.00093376 5.3505656435e+11 3.3344620862e+37 2.810041404e+40    108337.84496 5.0861512306e+50               0 5.080816902e+50               0 4.8707368283e+49               0
                0        0     8.60397e+11          0    228.72582619       0.00123078 5.3534954848e+11 4.3966606713e+37 2.8161457153e+40    108366.96772 5.096562828e+50               0 5.089530351e+50               0 4.8784436868e+49               0
                0        0     8.73738e+11          0    229.32043901       0.00133711 5.3619807689e+11 4.7813375324e+37 2.8311686624e+40    108425.30952 5.1224673995e+50               0 5.114822474e+50               0 4.8986864643e+49               0
                0        0     8.85411e+11          0    229.77360043       0.00116464 5.3684417433e+11 4.1678141116e+37 2.8417366562e+40    108461.02291 5.1407994816e+50               0 5.1341372195e+50               0 4.913423804e+49               0
                0        0     8.93748e+11          0    230.02256187      0.000895867 5.3719892099e+11 3.2073296391e+37 2.8469285577e+40    108474.69492  5.14988929e+50               0 5.1447629807e+50               0 4.9210407664e+49               0
                0        0     9.02085e+11          0    230.22216827      0.000718267 5.3748323321e+11 2.5723667451e+37 2.8512311212e+40    108486.95163 5.1574006912e+50               0 5.1532896632e+50               0 4.9272573278e+49               0
                0        0     9.07086e+11          0    230.31053327      0.000530084 5.3760906646e+11 1.8987013813e+37 2.8527446479e+40    108488.64717 5.1601008116e+50               0 5.1570664996e+50               0 4.9297039642e+49               0
                0        0     9.13755e+11          0    230.39630528      0.000385839 5.3773118924e+11 1.3822326923e+37 2.8543519928e+40    108491.60388 5.1629426098e+50               0 5.1607337443e+50               0 4.9321868456e+49               0
                0        0     9.18759e+11          0    230.44446211       0.00028871 5.3779974749e+11 1.0343612983e+37 2.8551968865e+40    108492.71547 5.1644461807e+50               0 5.1627932583e+50               0 4.9335359597e+49               0
                0        0      9.2376e+11          0    230.47853926      0.000204422 5.3784825789e+11 7.3242492188e+36 2.8557391354e+40    108492.97324 5.1654212723e+50               0 5.1642508611e+50               0 4.934447217e+49               0
                0        0     9.40434e+11          0    230.57887839      0.000180531 5.3799107905e+11 6.4693550961e+36 2.8581400488e+40    108501.36458 5.1695775845e+50               0 5.1685438446e+50               0 4.937758424e+49               0
                0        0     9.47106e+11          0    230.63035843      0.000231475 5.3806434554e+11 8.2956630907e+36 2.8595987746e+40    108507.81772 5.1720725688e+50               0 5.1707470514e+50               0 4.9396343933e+49               0
                0        0     9.55443e+11          0    230.71398465      0.000300922 5.3818334894e+11 1.0786048198e+37 2.8619213599e+40    108517.84396 5.176050305e+50               0 5.1743269631e+50               0 4.9426449892e+49               0
                0        0      9.6378e+11          0    230.82574464      0.000402159 5.3834236152e+11 1.4417442772e+37 2.865056808e+40    108531.52183 5.1814164125e+50               0 5.1791130452e+50               0 4.9466928119e+49               0
                0        0     9.65448e+11          0    230.85562713      0.000537455 5.3838487338e+11 1.9268791487e+37 2.866283433e+40    108538.85097 5.1834714321e+50               0 5.1803931028e+50               0 4.948077929e+49               0
                0        0     9.80454e+11          0    231.22496531      0.000738381 5.3891012936e+11 2.6488882881e+37 2.8761779497e+40    108579.44708 5.2004571637e+50               0 5.1962264067e+50               0 4.9610887935e+49               0
                0        0     9.93792e+11          0    231.52300159      0.000670347 5.3933374451e+11 2.4060296483e+37 2.8833475072e+40     108604.3726 5.2128617027e+50               0 5.2090194939e+50               0 4.9709523635e+49               0
                0        0      1.0088e+12          0    231.95899453      0.000871463 5.3995306204e+11 3.1301771438e+37 2.8949323711e+40    108650.93361 5.2327579693e+50               0 5.2277607814e+50               0 4.9862345519e+49               0
                0        0     1.02714e+12          0    232.56231793       0.00098679 5.4080932023e+11 3.5480086788e+37 2.9104128728e+40    108709.73269 5.2594087816e+50               0 5.253746661e+50               0 5.0069513139e+49               0
                0        0     1.03881e+12          0    232.99101927       0.00110206 5.4141722211e+11 3.9653096657e+37  2.92155698e+40    108752.54226 5.2785742954e+50               0 5.2722479216e+50               0 5.0217824936e+49               0
                0        0     1.06216e+12          0    233.74840242       0.00097325 5.4249013236e+11 3.506274996e+37 2.9400971871e+40    108816.90292 5.3105997394e+50               0 5.3050081685e+50               0 5.0470924312e+49               0
                0        0      1.0755e+12          0    234.13054101      0.000859511 5.4303095586e+11 3.0984869702e+37 2.9492988937e+40    108847.70189 5.3265135545e+50               0 5.321573358e+50               0 5.0597440555e+49               0
                0        0      1.0855e+12          0    234.35721029      0.000679668  5.43351588e+11 2.4510882946e+37 2.9543588784e+40    108862.22415 5.3353180996e+50               0 5.3314105587e+50               0 5.0669405089e+49               0
                0        0     1.09384e+12          0    234.49854245      0.000508572 5.4355144639e+11 1.8344956732e+37 2.957303732e+40    108869.32141 5.3404728891e+50               0 5.3375485151e+50               0 5.0712652074e+49               0
                0        0     1.09718e+12          0    234.53970658      0.000370181 5.4360964792e+11 1.3353899386e+37 2.9578423298e+40    108868.44955 5.3414655928e+50               0 5.3393368644e+50               0 5.0722779963e+49               0
                0        0     1.09884e+12          0    234.55448244      0.000265753 5.4363053839e+11 9.5870020777e+36 2.9578381683e+40    108866.31946 5.3415071167e+50               0 5.3399788607e+50               0 5.072488766e+49               0
                0        0     1.10718e+12          0    234.61208139      0.000207265 5.4371196825e+11 7.477771742e+36 2.9590796502e+40    108869.58775 5.3436738124e+50               0 5.3424818203e+50               0 5.0742833448e+49               0
                0        0     1.11218e+12          0    234.66224508      0.000300922 5.4378288026e+11 1.0857663657e+37 2.960682849e+40    108877.23109 5.3463928215e+50               0 5.3446621278e+50               0 5.076250002e+49               0
                0        0     1.11552e+12          0    234.71430136      0.000468132 5.4385646139e+11 1.6892282773e+37 2.9625995405e+40    108887.48137 5.3496176032e+50               0 5.3469251333e+50               0 5.0784863934e+49               0
                0        0     1.12052e+12          0     234.8480226      0.000802167 5.4404544613e+11 2.8952180259e+37 2.9671802661e+40    108910.62599 5.3573545219e+50               0 5.3527403522e+50               0 5.0839654391e+49               0
                0        0     1.12385e+12          0    235.01638607       0.00151406 5.4428333016e+11 5.4661425112e+37 2.9740029293e+40    108949.36223 5.3687762405e+50               0 5.3600662772e+50               0 5.0916774006e+49               0
                0        0     1.13719e+12          0    236.03505359        0.0022912 5.4572121031e+11 8.2857805314e+37 3.0026123061e+40    109066.47051 5.4176847112e+50               0 5.4044908791e+50               0 5.1285404271e+49               0
                0        0     1.15053e+12          0    237.41566032       0.00310458 5.4766612186e+11 1.1252812823e+38 3.0407103704e+40    109216.35707 5.4828752943e+50               0 5.4649730141e+50               0 5.1779595344e+49               0
                0        0     1.16721e+12          0    239.81923965       0.00432454 5.5104164119e+11 1.5736359741e+38 3.1068444459e+40    109468.59117 5.5960162619e+50               0 5.5710193295e+50               0 5.2637999301e+49               0
                0        0     1.18388e+12          0    242.73546111       0.00524689 5.5511943703e+11 1.9182866576e+38 3.185924279e+40    109753.27956 5.7313775407e+50               0 5.7009600446e+50               0 5.3669995001e+49               0
                0        0     1.20222e+12          0     245.5296386       0.00457013 5.5900869058e+11 1.6783350827e+38 3.2568503959e+40    109974.50948 5.8533456748e+50               0 5.8267735918e+50               0 5.4621846104e+49               0
                0        0     1.21556e+12          0    247.25161928       0.00387223 5.6139694352e+11 1.4259194729e+38 3.2999329352e+40    110101.47002 5.9275025619e+50               0 5.9049472718e+50               0 5.5203740856e+49               0
                0        0     1.22723e+12          0    248.47609403       0.00314775 5.6309124982e+11 1.1613705776e+38 3.3299115943e+40     110184.5361 5.9791903356e+50               0 5.9608310629e+50               0 5.5612628637e+49               0
                0        0     1.24058e+12          0    249.55285503       0.00242132 5.6457847562e+11 8.9486015162e+37 3.3560682207e+40    110254.77256 6.0243149002e+50               0 6.010176248e+50               0 5.5970693802e+49               0
                0        0     1.24558e+12          0    249.84262297       0.00173826 5.6497827642e+11 6.4270883759e+37 3.3613242267e+40    110258.88281 6.0336417109e+50               0 6.0234879754e+50               0 5.6053737831e+49               0
                0        0     1.25558e+12          0     250.3010354       0.00137455 5.656103915e+11 5.0859321539e+37 3.372305527e+40    110287.14636 6.0526083197e+50               0 6.0445751678e+50               0 5.6205053112e+49               0
                0        0     1.27226e+12          0    251.20270418       0.00162229 5.6685240676e+11 6.0110115215e+37 3.3975340244e+40    110371.72169 6.0956419421e+50               0 6.0861526698e+50               0 5.6529765252e+49               0
                0        0     1.27892e+12          0    251.71203794        0.0022912 5.6755322662e+11 8.4962081431e+37 3.4137863372e+40    110435.23164 6.1231055123e+50               0 6.1096976874e+50               0 5.6728059364e+49               0
                0        0     1.28059e+12          0    251.92146924       0.00376675 5.6784123398e+11 1.3972361249e+38 3.4249314367e+40    110497.22428 6.1414353427e+50               0 6.1193913911e+50               0 5.6842746966e+49               0
                0        0     1.28393e+12          0     252.6006377       0.00610763 5.6877457639e+11 2.2679409385e+38 3.4520548474e+40    110624.46795 6.1866358233e+50               0 6.1508765896e+50               0 5.7147374834e+49               0
                0        0     1.30561e+12          0    256.39204041       0.00524689 5.7396701409e+11 1.9596761977e+38 3.5526910277e+40    110916.90782 6.3588608121e+50               0 6.3280240006e+50               0 5.8470961946e+49               0
                0        0     1.31728e+12          0    258.12139437       0.00444564 5.7632546214e+11 1.6647738316e+38 3.5975638966e+40    111037.60516 6.4357775423e+50               0 6.4096039708e+50               0 5.9067130189e+49               0
                0        0     1.32394e+12          0     259.2404459       0.00503397 5.7784831223e+11 1.8882708448e+38 3.6309153585e+40    111147.31291 6.4923210418e+50               0 6.4626533609e+50               0 5.9484498249e+49               0
                0        0     1.33062e+12          0    261.03086376       0.00805044 5.8027946311e+11 3.0278825939e+38 3.6923760385e+40    111380.64837 6.5954666249e+50               0 6.5479532514e+50               0 6.0210964347e+49               0
                0        0     1.34896e+12          0    265.75315839       0.00772374 5.8666071989e+11 2.9253903451e+38 3.8250512438e+40    111755.18196 6.8212251383e+50               0 6.7754343361e+50               0 6.1911730676e+49               0
                0        0     1.35563e+12          0    268.11202815        0.0106112 2.9609333475e+14 8.0337242478e+35 3.8991263179e+40     4998.381168 1.5878560555e+41               0 6.8880697078e+50               0 3.4172330419e+43               0
                0        0      1.3623e+12          0    271.88441469        0.0169698 2.9816910303e+14 1.2937880995e+36 3.9540356679e+40    4998.3963095 1.6103573041e+41               0 7.0737008372e+50               0 3.4655974503e+43               0
                0        0     1.37063e+12          0    278.82649564        0.0249805 3.0195171633e+14 1.9286899553e+36 4.0550550645e+40    4998.4148567 1.6516756719e+41               0 7.4213018555e+50               0 3.554441176e+43               0
                0        0     1.38398e+12          0    287.02485143        0.0184357 3.0635871039e+14 1.4441544884e+36 4.1742320199e+40     4998.398654 1.7000594526e+41               0 7.8417788549e+50               0 3.6586326064e+43               0
                0        0     1.39398e+12          0    293.79716923        0.0203068 3.0995188779e+14 1.6093835822e+36 4.2727356516e+40    4998.4024898 1.7402159082e+41               0 8.1972318001e+50               0 3.7450351703e+43               0
                0        0     1.39398e+12          0    293.79716923        0.0145782 3.0995188779e+14 1.1553723746e+36 4.2726902505e+40    4998.3892117 1.740064459e+41               0 8.197231706e+50               0 3.7447667057e+43               0
                0        0     1.39731e+12          0    294.97607355        0.0106112 3.1057312896e+14 8.426595887e+35 4.2898033132e+40    4998.3799676 1.7469408687e+41               0 8.2598559415e+50               0 3.7596054879e+43               0
                0        0     1.39731e+12          0    294.97607355        0.0062786 3.1057312896e+14 4.9859794308e+35 4.289768907e+40    4998.3699452 1.7468261099e+41               0 8.2598558694e+50               0 3.7594020571e+43               0
                0        0     1.40732e+12          0    297.51661319       0.00761781 6.2848803023e+11 3.0151512393e+38 4.7875397107e+40    114204.03617 8.4455309034e+50               0 8.3990858126e+50               0 7.3834706007e+49               0
                0        0     1.40899e+12          0    298.22261643        0.0126979  3.12277555e+14 1.0139031265e+36 4.337033612e+40    4998.3846343  1.76622194e+41               0 8.4334593619e+50               0 3.8010799368e+43               0
                0        0     1.41566e+12          0    304.42443075        0.0278984 3.155078968e+14 2.2506777612e+36 4.4273477944e+40    4998.4189471 1.8033576974e+41               0 8.7697508487e+50               0 3.8808457763e+43               0
                0        0     1.42232e+12          0    306.98708292        0.0115279 3.1683309029e+14 9.339089193e+35 4.4644837429e+40    4998.3815612 1.8180928267e+41               0 8.9104919754e+50               0 3.9127249826e+43               0
                0        0     1.42733e+12          0    308.18944904       0.00720843 6.4214632761e+11 2.8926054665e+38 5.1337607186e+40    114972.44444 9.025252172e+50               0 8.9809184569e+50               0 7.7992758709e+49               0
                0        0     1.43066e+12          0    308.61965379       0.00387223 6.4269296976e+11 1.5546976055e+38 5.1346433673e+40    114928.47855 9.0285801903e+50               0 9.0047510252e+50               0 7.807317178e+49               0
                0        0       1.439e+12          0    310.65146405       0.00730867 6.4527069574e+11 2.9419451351e+38 5.2161412854e+40    115151.13587 9.1627445336e+50               0 9.1177066156e+50               0 7.8968411429e+49               0
                0        0     1.44067e+12          0     311.2738355        0.0112139 3.1903754213e+14 9.1479179177e+35 4.5268223594e+40    4998.3806735 1.8434698595e+41               0 9.1482466292e+50               0 3.9673430681e+43               0
                0        0     1.45734e+12          0      320.448704        0.0165075 3.2370524926e+14 1.3663275877e+36 4.6602939556e+40    4998.3920579 1.8979481825e+41               0 9.6668650928e+50               0 4.0845324716e+43               0
                0        0     1.46901e+12          0    325.32167567        0.0125237 3.2615720937e+14 1.0444398354e+36 4.7311274446e+40    4998.3830074 1.926695436e+41               0 9.9477058884e+50               0 4.1464421708e+43               0
                0        0     1.48069e+12          0    328.41112967          0.00794 6.6752888704e+11 3.2661269314e+38 5.8293753714e+40    116405.18737 1.0182433308e+51               0 1.0132835366e+51               0 8.6126536059e+49               0
                0        0     1.48569e+12          0    329.44342943       0.00619256 6.6880803847e+11 2.5504354896e+38 5.8587175321e+40    116439.88257 1.0232087136e+51               0 1.0193370558e+51               0 8.6501882169e+49               0
                0        0     1.49402e+12          0    330.62873684       0.00426523 6.7027485966e+11 1.7591176117e+38 5.8928546021e+40    116481.46581 1.0289778442e+51               0 1.0263084945e+51               0 8.6935842959e+49               0
                0        0     1.49736e+12          0    330.96456196       0.00302001 6.7069007113e+11 1.2460422031e+38 5.8996651152e+40    116479.03461 1.0301783445e+51               0 1.0282876797e+51               0 8.7040415716e+49               0
                0        0      1.5007e+12          0      331.166033       0.00181179 6.7093908947e+11 7.4771363955e+37 5.9018515537e+40    116468.20546 1.0306104217e+51               0 1.0294758997e+51               0 8.7090940579e+49               0
                0        0     1.50903e+12          0    332.10332857       0.00337278 6.720968114e+11 1.393458892e+38 5.9417217888e+40    116563.88713 1.0371254295e+51               0 1.035012192e+51               0 8.7516964787e+49               0
                0        0      1.5107e+12          0    332.40684863       0.00546883 6.7247143789e+11 2.2602438554e+38 5.9612297859e+40    116626.94648 1.0402347693e+51               0 1.0368079416e+51               0 8.7697181878e+49               0
                0        0     1.51904e+12          0    334.77197255       0.00850764 6.7538608925e+11 3.5259068803e+38 6.058695486e+40    116847.81255 1.0561897039e+51               0 1.0508505314e+51               0 8.8751031716e+49               0
                0        0     1.52904e+12          0    338.66881843        0.0116882 3.3278066754e+14 9.9455661939e+35 4.9252246146e+40    4998.3806546 2.0057120468e+41               0 1.0736004813e+51               0 4.3165055934e+43               0
                0        0     1.53404e+12          0    341.10046219        0.0145782 3.3397321415e+14 1.2449139389e+36 4.9606120728e+40    4998.3867814 2.0201941958e+41               0 1.0882620308e+51               0 4.3476419348e+43               0
                0        0     1.53404e+12          0    341.10046219        0.0205891 3.3397321415e+14 1.7582182698e+36 4.9606634033e+40    4998.3997116 2.0203654215e+41               0 1.0882620465e+51               0 4.347945457e+43               0
                0        0     1.53905e+12          0    345.26471154        0.0249805 3.360056488e+14 2.1462064453e+36 5.0212612147e+40     4998.408833 2.0451528754e+41               0 1.1135843907e+51               0 4.4012431245e+43               0
                0        0     1.54738e+12          0    355.91611832        0.0383282 3.4114916328e+14 3.3433860326e+36 5.1762800809e+40    4998.4361361 2.1086231097e+41               0 1.1795812921e+51               0 4.5376901929e+43               0
                0        0     1.55405e+12          0     362.2944836        0.0286797 3.4419245263e+14 2.5240603607e+36 5.2689561632e+40    4998.4152838 2.1461183536e+41               0 1.2199439264e+51               0 4.618490064e+43               0
                0        0     1.55906e+12          0    365.82280579        0.0211657 3.4586440663e+14 1.8718122967e+36 5.3202019167e+40    4998.3993866 2.166793231e+41               0 1.2425414372e+51               0 4.6630684844e+43               0
                0        0     1.57073e+12          0    376.67807323        0.0278984 3.5095840885e+14 2.5035642338e+36 5.4781289042e+40    4998.4125304 2.2312819372e+41               0 1.3132682745e+51               0 4.8017790955e+43               0
                0        0      1.5724e+12          0    377.92172291        0.0223678 3.5153729793e+14 2.0105666312e+36 5.4961655043e+40    4998.4011338 2.2384815712e+41               0  1.32148686e+51               0 4.8173363486e+43               0
                0        0      1.5824e+12          0    383.20197875        0.0158376 3.5398458795e+14 1.4334993924e+36 5.5728964461e+40    4998.3875645 2.2695553748e+41               0 1.3566453884e+51               0 4.8842854864e+43               0
                0        0      1.5924e+12          0    389.97429655        0.0203068 3.570988684e+14 1.8541879519e+36 5.6714256238e+40    4998.3962755 2.3097970426e+41               0 1.4023637594e+51               0 4.9708391023e+43               0
                0        0     1.59574e+12          0    393.34459063        0.0303084 3.5863863533e+14 2.7793540482e+36 5.7205309791e+40    4998.4161351 2.3300624046e+41               0 1.425377046e+51               0 5.0143364456e+43               0
                0        0     1.60908e+12          0    404.92068529        0.0260371 3.6387771921e+14 2.4225450628e+36 5.8888418124e+40     4998.406828 2.3984896014e+41               0 1.5057397318e+51               0 5.1616485275e+43               0
                0        0     1.61241e+12          0    406.94262377        0.0181829 3.647850848e+14 1.6959928317e+36 5.9181733997e+40    4998.3912318 2.4102198609e+41               0 1.5199851405e+51               0 5.1869860173e+43               0
                0        0     1.61908e+12          0     412.0542122        0.0229941 3.6706895998e+14 2.1581810079e+36 5.9925554044e+40    4998.4004254 2.4406415972e+41               0 1.5562754003e+51               0 5.2524002237e+43               0
                0        0     1.62242e+12          0    415.66544332        0.0324751 3.6867394199e+14 3.0613763934e+36 6.0451624137e+40    4998.4187046 2.4623263103e+41               0 1.5821522093e+51               0 5.2989550286e+43               0
                0        0     1.62742e+12          0    424.08716066        0.0505202 3.7239002944e+14 4.8104631812e+36 6.1678109889e+40    4998.4528852 2.5127779238e+41               0 1.6432649735e+51               0 5.4073138976e+43               0
                0        0     1.63409e+12          0    432.15327506        0.0362685 3.7591476721e+14 3.4861235146e+36 6.2849808302e+40    4998.4247352 2.560098414e+41               0 1.7027995027e+51               0 5.5093233439e+43               0
                0        0     1.63576e+12          0    433.68040196        0.0275158 3.7657837816e+14 2.6494840789e+36 6.307105562e+40    4998.4079152 2.5688619649e+41               0 1.7141810894e+51               0 5.5282899333e+43               0
                0        0     1.63909e+12          0    435.87700228        0.0197536 3.7753086229e+14 1.9068762278e+36 6.338975581e+40    4998.3930118 2.5816211022e+41               0 1.7306136706e+51               0 5.5558437764e+43               0
                0        0     1.64409e+12          0    439.87225117        0.0239667 3.7925713961e+14 2.3241587786e+36 6.3971186158e+40    4998.4008215 2.6054176105e+41               0 1.7606873518e+51               0 5.6070050563e+43               0
                0        0     1.65243e+12          0    448.41516337        0.0307299 3.8292227223e+14 3.0088155412e+36 6.5214232364e+40    4998.4130757 2.6562316773e+41               0 1.8257955139e+51               0 5.7162788312e+43               0
                0        0     1.65577e+12          0    452.91525776        0.0405049 3.8483889413e+14 3.9857523574e+36 6.5869640027e+40    4998.4310363 2.6832042929e+41               0 1.8605307628e+51               0 5.7742047429e+43               0
                0        0      1.6641e+12          0    461.94008805        0.0324751 3.8865414936e+14 3.2272870484e+36 6.7181326532e+40    4998.4154513 2.736390519e+41               0 1.9311011756e+51               0 5.8887665515e+43               0
                0        0     1.66577e+12          0    463.44898865        0.0271385 3.8928839002e+14 2.7013513904e+36 6.7400233975e+40    4998.4055051 2.7451498077e+41               0 1.9430183972e+51               0 5.9076846183e+43               0
                0        0     1.67244e+12          0    468.70373828        0.0236381 3.9148911463e+14 2.3662250402e+36 6.8164076068e+40       4998.3988 2.7761532805e+41               0 1.984784234e+51               0 5.9744517664e+43               0
                0        0     1.68244e+12          0    477.26801828          0.02568 3.950496205e+14 2.5940029023e+36 6.9409772829e+40    4998.4021223 2.8269414564e+41               0 2.0537323056e+51               0 6.083727671e+43               0
                0        0     1.68578e+12          0    479.58936276        0.0208754 3.9600917974e+14 2.1137997806e+36 6.9746876469e+40    4998.3932929 2.8405267867e+41               0 2.0726078541e+51               0 6.1130263961e+43               0
                0        0     1.68745e+12          0    480.49459192        0.0162811 3.9638273897e+14 1.6501456063e+36 6.987805667e+40    4998.3849302 2.8457323151e+41               0 2.0799900443e+51               0 6.1242882697e+43               0
                0        0     1.69912e+12          0    488.07336222        0.0194827 3.994965518e+14 1.9901507181e+36 7.0980546925e+40    4998.3904578 2.890722363e+41               0 2.1422702767e+51               0 6.2210714186e+43               0
                0        0     1.70912e+12          0    494.75280027        0.0200283 4.0222088087e+14 2.0598352696e+36 7.1951980567e+40     4998.391195 2.9302969708e+41               0 2.1978619156e+51               0 6.3062338451e+43               0
                0        0     1.71746e+12          0    499.73651992        0.0179335 4.0424162064e+14 1.8536591224e+36 7.2676536805e+40    4998.3872932 2.9597385996e+41               0 2.2397678821e+51               0 6.3696233099e+43               0
                0        0     1.72246e+12          0    504.93354088        0.0311572 4.0633814386e+14 3.2372020282e+36 7.3433702318e+40    4998.4105088 2.9909735663e+41               0 2.2838559359e+51               0 6.4366710726e+43               0
                0        0     1.72913e+12          0    508.75836799        0.0172057 4.0787422825e+14 1.794412974e+36 7.3988488836e+40    4998.3857274 3.0131404557e+41               0 2.3165559412e+51               0 6.4845606345e+43               0
                0        0     1.73414e+12          0    510.52725503        0.0106112 4.0858267595e+14 1.1085830601e+36 7.4245045173e+40    4998.3740795 3.0233859153e+41               0 2.3317513154e+51               0 6.5066974097e+43               0
                0        0     1.74414e+12          0    513.40400602       0.00862594 8.7666831442e+11 4.2237200955e+38 1.4208805311e+41     126918.1102 2.3652669163e+51               0 2.3592672369e+51               0 1.7219447936e+50               0
                0        0     1.75581e+12          0    516.05808047       0.00682106 8.7943004953e+11 3.3466778182e+38 1.4346883419e+41    127025.40924 2.3870656051e+51               0 2.3823152071e+51               0 1.7352631973e+50               0
                0        0     1.76081e+12          0    516.96973443       0.00546883 8.8037740522e+11 2.6850687362e+38 1.4390883371e+41    127054.27443 2.3940663281e+51               0 2.3902559011e+51               0 1.7396649625e+50               0
                0        0     1.76582e+12          0     517.6617943       0.00414904 8.8109613221e+11 2.0381455463e+38 1.4422897724e+41    127073.01798 2.3991839416e+51               0 2.3962920402e+51               0 1.7429366415e+50               0
                0        0     1.77082e+12          0    518.18652422       0.00314775 8.8164083179e+11 1.5468899062e+38 1.4447198301e+41    127087.23227 2.4030680162e+51               0 2.4008734196e+51               0 1.7454188384e+50               0
                0        0     1.77582e+12          0    518.99211485       0.00482968 8.8247666233e+11 2.3748743733e+38 1.4500385154e+41    127143.78353 2.4112831219e+51               0 2.4079148449e+51               0 1.7500315361e+50               0
                0        0     1.77582e+12          0    518.99211485       0.00627867 8.8247666233e+11 3.0873789737e+38  1.45075102e+41    127159.39929 2.4122934526e+51               0 2.4079148449e+51               0 1.7503909955e+50               0
                0        0     1.78916e+12          0    522.82720777       0.00862594 8.8644879808e+11 4.2537867236e+38 1.4733915018e+41    127366.31193 2.4475924409e+51               0 2.4415668874e+51               0 1.7709906926e+50               0
                0        0     1.80083e+12          0    525.40897966       0.00663524 8.8911642896e+11 3.2783872034e+38 1.4869614183e+41    127466.91308 2.468983537e+51               0 2.4643428604e+51               0 1.7840175266e+50               0
                0        0     1.80917e+12          0    526.84709548       0.00517494 8.9060015349e+11 2.559598796e+38  1.49437583e+41    127519.15811 2.4806939165e+51               0 2.4770720605e+51               0 1.7912022634e+50               0
                0        0     1.82751e+12          0     529.2145769       0.00387223 8.9303928185e+11 1.9186119045e+38 1.5071724524e+41    127616.64314 2.5008064539e+51               0 2.4980933578e+51               0 1.8033266283e+50               0
                0        0     1.83418e+12          0    530.33362844       0.00503397 8.941907177e+11 2.4962862598e+38 1.514122731e+41    127681.22837 2.5115868875e+51               0 2.5080581868e+51               0 1.8095075199e+50               0
                0        0     1.83919e+12          0    531.58685355       0.00751334 8.954790858e+11 3.7292077758e+38 1.5225083068e+41    127765.63421 2.5245087478e+51               0 2.5192395508e+51               0 1.8167281303e+50               0
                0        0     1.85086e+12          0    535.94906065        0.0112139 4.1863182344e+14 1.2003632967e+36 7.7942128457e+40    4998.3746659 3.1739482151e+41               0 2.5551787259e+51               0 6.830721321e+43               0
                0        0     1.85919e+12          0    541.51492522        0.0200283 4.2079996776e+14 2.1549816438e+36 7.8752504496e+40    4998.3896155 3.2072241256e+41               0 2.6053504424e+51               0 6.9022158672e+43               0
                0        0     1.86586e+12          0    544.49931082         0.013419 4.2195792646e+14 1.4478150664e+36 7.918580459e+40    4998.3782687 3.2246598687e+41               0 2.6324370474e+51               0 6.939830053e+43               0
                0        0     1.87587e+12          0     547.9885752        0.0104657 4.233077643e+14 1.1327871274e+36 7.9692919324e+40    4998.3731835 3.2452159872e+41               0 2.6642695352e+51               0 6.984110171e+43               0
                0        0     1.87754e+12          0    548.88138888        0.0160578 4.2365246232e+14 1.7394805167e+36 7.9823364339e+40    4998.3826522  3.25070502e+41               0 2.6724430218e+51               0 6.9958467031e+43               0
                0        0     1.88254e+12          0    552.56116368         0.022061 4.2507020171e+14 2.3977817207e+36 8.0359157571e+40    4998.3927075 3.2727138809e+41               0 2.7062518662e+51               0 7.0431301575e+43               0
                0        0     1.89088e+12          0    556.96243272        0.0158376 4.2675973201e+14 1.7282103158e+36 8.0998546951e+40    4998.3820832 3.298552038e+41               0 2.746946286e+51               0 7.0988230034e+43               0
                0        0     1.89754e+12          0    561.11768655        0.0186921 4.2834870798e+14 2.0472899117e+36 8.1603147974e+40    4998.3867719 3.3232632275e+41               0 2.7856225434e+51               0 7.1519652702e+43               0
                0        0     1.90588e+12          0    564.95126147        0.0137948 4.2980946364e+14 1.516055748e+36 8.2160118206e+40    4998.3784795 3.345786012e+41               0 2.8215251908e+51               0 7.2005053577e+43               0
                0        0     1.91255e+12          0    567.15276283       0.00990329 9.3156292837e+11 5.0411788476e+38 1.733847142e+41    129404.22735 2.8531618603e+51               0 2.8461102658e+51               0 2.008220157e+50               0
                0        0     1.92256e+12          0    569.72863012       0.00772374 9.341415135e+11 3.9386534609e+38 1.7484838941e+41    129497.36565 2.8760036019e+51               0 2.870497734e+51               0 2.021764419e+50               0
                0        0      1.9359e+12          0    573.35844051       0.00816238 9.3776744923e+11 4.1726563598e+38 1.7710181299e+41    129661.19975 2.910853783e+51               0 2.9050266141e+51               0 2.0417655285e+50               0
                0        0     1.94257e+12          0    574.91722367       0.00701207 9.3932181947e+11 3.5884087405e+38 1.7800539475e+41    129718.80726 2.9249224805e+51               0 2.9199131651e+51               0 2.0500482539e+50               0
                0        0     1.95591e+12          0    578.39973163       0.00783114 9.4278854286e+11 4.0170156953e+38 1.8020692885e+41    129878.59571 2.9589006274e+51               0 2.9532983722e+51               0 2.0694243198e+50               0
                0        0     1.96591e+12          0    580.46433113       0.00619256 9.4483994105e+11 3.1809165173e+38 1.8140924045e+41    129953.38317 2.9776074087e+51               0 2.973173451e+51               0 2.0804220142e+50               0
                0        0     1.97258e+12          0    582.13529795       0.00751334 9.4649814077e+11 3.8636872497e+38 1.8252162247e+41    130038.08299 2.9946873191e+51               0 2.9893042349e+51               0 2.0899838652e+50               0
                0        0     1.98258e+12          0    584.34748697       0.00663524 9.4869057473e+11 3.4171810149e+38 1.8386387684e+41    130125.87754 3.0154800092e+51               0 3.0107217074e+51               0 2.1020240131e+50               0
                0        0     1.98926e+12          0    585.92865533       0.00710957 9.5025563992e+11 3.665324001e+38 1.8488320907e+41    130198.50597 3.031174773e+51               0 3.0260731515e+51               0 2.1109130921e+50               0
                0        0     1.99759e+12          0    587.25241531       0.00476344 9.5156465191e+11 2.457943887e+38 1.8559715189e+41    130234.34719 3.042373289e+51               0 3.0389531499e+51               0 2.117696811e+50               0
                0        0     2.00426e+12          0    588.11321204       0.00387223 9.5241524111e+11 1.9992195895e+38 1.8609505509e+41    130263.39745 3.0501234043e+51               0 3.0473421284e+51               0 2.1222672355e+50               0
                0        0     2.01093e+12          0    588.76627386       0.00293775 9.530602349e+11 1.5174072814e+38 1.8645995222e+41    130283.09837 3.0558244047e+51               0 3.0537137268e+51               0 2.1256742823e+50               0
                0        0     2.02094e+12          0    589.37050583       0.00181179 9.5365675362e+11 9.3620061467e+37 1.8678443207e+41     130298.9709 3.060916453e+51               0 3.0596143874e+51               0 2.1287648663e+50               0
                0        0     2.02594e+12          0     589.6062009       0.00141304 9.5388937529e+11 7.3026963144e+37 1.8691318782e+41     130305.5283 3.0629331113e+51               0 3.061917506e+51               0 2.1299807705e+50               0
                0        0     2.03594e+12          0    589.95398471       0.00104283 9.5423255785e+11 5.3906629536e+37 1.8711455074e+41    130317.16878 3.0660670047e+51               0 3.0653173722e+51               0 2.1318285496e+50               0
                0        0     2.05428e+12          0    590.70636052       0.00123078 9.5497470975e+11 6.3653891728e+37 1.8760172387e+41    130351.22952 3.0735634077e+51               0 3.0726784088e+51               0 2.1360687375e+50               0
                0        0     2.06262e+12          0    591.01699216       0.00111738 9.5528101273e+11 5.7800882489e+37 1.8779316204e+41      130363.566 3.076523479e+51               0 3.0757199195e+51               0 2.1377736964e+50               0
                0        0     2.07262e+12          0     591.2957469      0.000836097 9.5555582956e+11 4.3258365715e+37 1.8795575305e+41    130373.02237 3.0790518409e+51               0 3.0784504939e+51               0 2.1392604086e+50               0
