                0        0     1.32427e+08          0 0.0023203237747  0.00052564662633 2.2203827346e+11 4.5928195619e+34 6.0332699154e+34    6437.6317308 1.4010563334e+38               0 6.4141043084e+37               0 8.2439942074e+39               0
                0        0     2.76596e+09          0  0.094995515518  0.0010557121306 9.6552433263e+11 8.6846065245e+35 1.1408367902e+36    6437.6317308 2.6492708477e+39               0 1.7173481761e+43               0 1.5588647652e+41               0
                0        0     4.08273e+09          0   0.94494407713   0.019364427308 5.4762584895e+12 2.7937759807e+37 3.6699905902e+37    6437.6317308 8.5225153724e+40               0 5.8294394729e+45               0 5.0147567722e+42               0
                0        0     4.08273e+09          0   0.94494407713  0.0032430030307 5.4762584895e+12 4.6787977917e+36 1.3440943887e+37    5008.0347447 5.7856233699e+37               0 5.8294394729e+45               0 1.2313394513e+40               0
                0        0     6.71627e+09          0    1.4358159779  0.0055917814728 4.1613094123e+12 1.6131833015e+37 2.1191275097e+37    6437.6317308 4.9210744098e+40               0 1.5304121914e+46               0 2.895622964e+42               0
                0        0     1.19833e+10          0    2.4175597793  0.0055917814728 4.9505808253e+12 2.2831582332e+37 2.9992273144e+37    6437.6317308 6.9648573378e+40               0 4.9320319318e+46               0 4.0982109127e+42               0
                0        0     1.59336e+10          0    3.1224657748  0.0053533047074 5.3135760583e+12 2.6302528702e+37 3.4551815715e+37    6437.6317308 8.0236821686e+40               0 8.6598245162e+46               0 4.7212369512e+42               0
                0        0     1.72504e+10          0     3.337820049  0.0049064289037 5.2774382556e+12 2.5945976602e+37 3.4083437842e+37    6437.6317308 7.9149146521e+40               0 1.001668324e+47               0 4.6572367569e+42               0
                0        0     2.25175e+10          0    4.1359784518  0.0045461222798 5.5261178786e+12 2.8448802462e+37 3.7371227349e+37    6437.6317308 8.6784107953e+40               0 1.594291608e+47               0 5.1064876279e+42               0
                0        0     2.38342e+10          0    4.3110616286  0.0039889301579 5.3640634425e+12 2.6804734619e+37 3.5211528949e+37    6437.6317308 8.1768819124e+40               0 1.7432649265e+47               0 4.8113816349e+42               0
                0        0     2.77846e+10          0    4.6190220415  0.0023387599748 4.6201526719e+12 1.954988083e+37 2.5786586734e+37    6416.8540658 5.5819206309e+40               0 2.0219162036e+47               0 3.3330315044e+42               0
                0        0     2.91013e+10          0     4.816399268  0.0044968567833 5.7928310706e+12 3.126118439e+37 4.1065659287e+37    6437.6317308 9.5363381445e+40               0 2.2116626422e+47               0 5.6113030253e+42               0
                0        0     3.04181e+10          0    5.1351913587  0.0072630586679 6.9434036366e+12 4.4912633947e+37 5.8998625912e+37    6437.6317308 1.3700762547e+41               0 2.5365509856e+47               0 8.0617034722e+42               0
                0        0     3.56852e+10          0    5.5930740187  0.0026079917908 5.0776872378e+12 2.4019037155e+37 3.1552150549e+37    6437.6317308 7.3270947561e+40               0 3.0430363608e+47               0 4.3113560309e+42               0
                0        0     4.09522e+10          0    6.3407212851  0.0042584227436 6.2346129406e+12 3.6211181363e+37 4.7568128504e+37    6437.6317308 1.1046352748e+41               0 3.9711087596e+47               0 6.4998148822e+42               0
                0        0     4.09522e+10          0    6.3407212851   0.010181536223 8.3367672338e+12 6.4746910808e+37 8.5053545829e+37    6437.6317308 1.9751280936e+41               0 3.9711087596e+47               0 1.1621905682e+43               0
                0        0     4.88528e+10          0    7.8457803382  0.0057149745965 7.3829597522e+12 5.0779065259e+37 6.6704951638e+37    6437.6317308 1.5490338784e+41               0 6.2195314011e+47               0 9.1147129602e+42               0
                0        0     4.88528e+10          0    7.8457803382  0.0041214743609 7.3829597522e+12 3.662039297e+37 5.2546279348e+37    6064.8784749 3.2000149259e+40               0 6.2195314008e+47               0 2.4865577244e+42               0
                0        0     5.14864e+10          0    8.1273807459  0.0032078591995 6.9301052158e+12 3.1455082544e+37 4.5487169515e+37     6038.153859 2.4997066471e+40               0 6.6965767254e+47               0 1.9840365172e+42               0
                0        0     5.14864e+10          0    8.1273807459  0.0026654487313 6.9301052158e+12 2.6136405823e+37 4.0168492794e+37    5853.3343317 1.0556900892e+40               0 6.6965767247e+47               0 9.7535290421e+41               0
                0        0     5.14864e+10          0    8.1273807459  0.0020745935762 6.9301052158e+12 2.0342698394e+37 3.4374785365e+37    5629.7867634 3.4561063171e+39               0 6.6965767223e+47               0 3.8873106372e+41               0
                0        0     5.41199e+10          0     8.272250532  0.0016502883642 6.6781465755e+12 1.7091977934e+37 3.0122280646e+37    5548.7588425 2.0950220572e+39               0 6.9489062547e+47               0 2.540288023e+41               0
                0        0     5.41199e+10          0     8.272250532  0.0013563844945 6.6781465755e+12 1.4048026002e+37 2.7078328714e+37    5402.9301321 9.4210488359e+38               0 6.948906249e+47               0 1.3150531488e+41               0
                0        0     6.20205e+10          0    8.9086371799  0.0024164723098 6.2013979794e+12 2.9024733803e+37 4.0642791047e+37    6205.8738096 4.1898884123e+40               0 8.112928149e+47               0 2.9195434261e+42               0
                0        0     6.86044e+10          0    9.2747794623  0.0016683681651 5.7269894172e+12 2.2590916966e+37 3.6239978481e+37    6275.3167719 4.7972542772e+40               0 8.8236418254e+47               0 3.173596264e+42               0
                0        0      7.6505e+10          0    9.7594198919   0.001840265163 5.335994689e+12 2.8141923213e+37  4.48753327e+37    6857.9779908 3.9171466265e+41               0 9.8103631863e+47               0 1.744663663e+43               0
                0        0     7.78217e+10          0    9.8535041977   0.002143528188 5.2672745525e+12 3.3527309429e+37 5.0915374157e+37    7123.9541845 9.4256937465e+41               0 1.0007985659e+48               0 3.5777598449e+43               0
                0        0      8.1772e+10          0    10.182270452  0.0024967668709 5.3596428353e+12 3.9659891872e+37 5.9487345241e+37    7342.4345385 1.9550072672e+42               0 1.0714032906e+48               0 6.5613384116e+43               0
                0        0     8.57223e+10          0    10.613977016  0.0032785318817 6.4769454332e+12 4.492127453e+37 6.8331252005e+37    6914.6720381 7.0377612316e+41               0 1.1677675224e+48               0 3.0265389222e+43               0
                0        0     8.96726e+10          0    11.174712465  0.0042584227436 7.5308164252e+12 5.2833310317e+37 8.1596288592e+37     6703.450885 4.4686726941e+41               0 1.2991158545e+48               0 2.1962646356e+43               0
                0        0     9.36229e+10          0    11.879618461  0.0053533047074 8.2951040254e+12 6.4101379179e+37 1.0083793141e+38    6734.3692385 6.0734419694e+41               0 1.4741290597e+48               0 2.9257278092e+43               0
                0        0      1.0284e+11          0    13.542418578  0.0054119530538 6.9121742051e+12 8.8654407717e+37 1.5069463169e+38    8156.7841303 3.1470169446e+43               0 1.9304876459e+48               0 7.0532990941e+44               0
                0        0     1.10741e+11          0    14.806690907   0.004800664951 5.8832359195e+12 1.0102012394e+38 1.8967864174e+38    9364.7963328 3.2561717519e+44               0 2.3182096561e+48               0 4.5243621839e+45               0
                0        0     1.18642e+11          0    15.928161807  0.0042584227436 5.0724655692e+12 1.1180470438e+38 2.305321324e+38    10589.493154 1.9668625741e+45               0 2.6914571861e+48               0 1.8627619771e+46               0
                0        0     1.22592e+11          0    16.404348398  0.0036163288977   4.7271629e+12 1.0492792668e+38 2.3850267415e+38    11063.050375 3.4062024353e+45               0 2.8582510786e+48               0 2.8379679338e+46               0
                0        0     1.27859e+11          0     16.94352998  0.0030710512985 4.3393934803e+12 1.0025976634e+38 2.5228091376e+38    11710.041757 6.7575833331e+45               0 3.0530754204e+48               0 4.7948527428e+46               0
                0        0     1.27859e+11          0     16.94352998  0.0026365637504 4.3393934803e+12 8.6075170961e+37 2.3809631838e+38    11541.852368 5.4571160302e+45               0 3.0530754204e+48               0 4.0312607531e+46               0
                0        0     1.30492e+11          0    17.123673628  0.0020521115847 4.1797049135e+12 7.0293803978e+37 2.288839472e+38    11644.822786 5.7747464705e+45               0 3.1195773561e+48               0 4.1614988662e+46               0
                0        0     1.33126e+11          0    17.248047462  0.0014168081402 4.0393318873e+12 5.0583188084e+37 2.1383130441e+38    11645.681633 5.399247676e+45               0 3.1659029977e+48               0 3.8901023789e+46               0
                0        0     1.33126e+11          0    17.248047462  0.0017810833126 4.0393318873e+12 6.3588618412e+37 2.2683673474e+38    11818.855932 6.7029100097e+45               0 3.1659029977e+48               0 4.6361020588e+46               0
                0        0     1.41027e+11          0    17.558078601  0.0011772428978 3.6631856671e+12 4.7179017296e+37 2.2248485563e+38    12350.868816 1.0331592936e+46               0 3.2828436588e+48               0 6.3413280425e+46               0
                0        0     1.42343e+11          0    17.594939023  0.00083979313592 3.612827519e+12 3.4196181409e+37 2.1097876997e+38    12272.638328 9.1927384522e+45               0 3.2968858748e+48               0 5.7391966614e+46               0
                0        0     1.42343e+11          0    17.594939023  0.0010217610465 3.612827519e+12 4.1605872454e+37 2.1838846102e+38    12379.003017 1.0374024057e+46               0 3.2968858748e+48               0 6.3287835294e+46               0
                0        0     1.46294e+11          0    17.687828957  0.00070543891414 3.4700948767e+12 3.0064732753e+37 2.1061018113e+38    12517.022325 1.1163345511e+46               0 3.3324036918e+48               0 6.6123919446e+46               0
                0        0     1.46294e+11          0    17.687828957  0.00056730717781 3.4700948767e+12 2.4177768405e+37 2.0472321678e+38    12428.621454 1.011892558e+46               0 3.3324036918e+48               0 6.1076702063e+46               0
                0        0     1.56828e+11          0     17.86261694  0.00049777559227 3.1473372015e+12 2.3621102357e+37 2.1140950352e+38    13155.620896 1.7985906307e+46               0 3.3997439882e+48               0 9.3566096912e+46               0
                0        0     1.62095e+11          0    17.954904223  0.00052564662633 3.0116522047e+12 2.6202148968e+37 2.1790156754e+38      13550.7877 2.4220678742e+46               0 3.4355666505e+48               0 1.1685818781e+47               0
                0        0     1.64728e+11          0    18.008652018  0.00061226957023 2.9480071686e+12 3.1272319932e+37 2.2527746583e+38    13810.742608 2.9571829577e+46               0 3.4565147318e+48               0 1.3603577993e+47               0
                0        0     1.69995e+11          0    18.194002402  0.0010557121306 2.8244678263e+12 5.6859348793e+37 2.5897568415e+38    14609.935285 5.4325806207e+46               0 3.5292348536e+48               0 2.1768785002e+47               0
                0        0     1.69995e+11          0    18.194002402  0.0008676977889 2.8244678263e+12 4.6733129037e+37 2.4884946439e+38    14464.976171 4.816048305e+46               0 3.5292348536e+48               0 1.9769915712e+47               0
                0        0     1.69995e+11          0    18.194002402  0.00071316737871 2.8244678263e+12 3.8410312393e+37 2.4052664775e+38    14342.483026 4.342157064e+46               0 3.5292348536e+48               0 1.8197398081e+47               0
                0        0     1.71312e+11          0    18.249769553  0.0012705462425 2.7943829203e+12 6.9378786084e+37 2.7398459701e+38    14896.712595 6.7045546299e+46               0 3.5512601249e+48               0 2.5640281803e+47               0
                0        0     1.72629e+11          0    18.316885145  0.0015290984233 2.7610846475e+12 8.4814888497e+37 2.924471878e+38    15232.593858 8.4979307835e+46               0 3.5778567804e+48               0 3.0822900283e+47               0
                0        0     1.75263e+11          0    18.478431955   0.001840265163 2.6928926168e+12 1.0558232912e+38 3.2063700246e+38    15783.225197 1.2122417853e+47               0 3.6422746574e+48               0 4.0465943814e+47               0
                0        0     1.77896e+11          0    18.668662056  0.0021670116978 2.6232167653e+12 1.2894515377e+38 3.5299322048e+38    16380.470142 1.7343533313e+47               0 3.7188542854e+48               0 5.3164058914e+47               0
                0        0     1.77896e+11          0    18.668662056  0.0025241203014 2.6232167653e+12 1.5019442707e+38 3.7424249378e+38    16621.608388 2.0310918496e+47               0 3.7188542854e+48               0 6.023247801e+47               0
                0        0     1.81846e+11          0     19.05580209  0.0029400779435 2.5121164707e+12 1.8647089729e+38 4.2968981922e+38    17582.099824 3.3564223729e+47               0 3.8771192644e+48               0 8.7826224791e+47               0
                0        0     1.83163e+11          0    19.198144836  0.0032430030307 2.4736977371e+12 2.1043827855e+38 4.6100620535e+38    18032.470812 4.2038704153e+47               0 3.9361239744e+48               0 1.0408279728e+48               0
                0        0      1.8448e+11          0    19.362147944   0.003736492303 2.4344043078e+12 2.4847898951e+38 5.0771931691e+38    18621.361397 5.5917465071e+47               0 4.0046498124e+48               0 1.2916425558e+48               0
                0        0     1.89747e+11          0    20.032613054  0.0038188113566 2.2777938152e+12 2.8081231661e+38 5.7786866211e+38    19883.917022 9.1140714448e+47               0 4.2908250655e+48               0 1.8324151988e+48               0
                0        0     1.95014e+11          0    20.640450808  0.0034621006929 2.1307974612e+12 2.8040222578e+38 6.1518656837e+38    20882.499844 1.2413716707e+48               0 4.5586345836e+48               0 2.2551701253e+48               0
                0        0     2.01598e+11          0    21.336822697  0.0031730962155 1.9706099478e+12 2.8726126762e+38 6.6956401403e+38    22179.387655 1.7857857602e+48               0 4.8752091548e+48               0 2.8708695997e+48               0
                0        0     2.05548e+11          0     21.72820406  0.0029722880864 1.8843331526e+12 2.8656410969e+38 6.9769844674e+38    22916.060253 2.1420190299e+48               0 5.0576988592e+48               0 3.2259746424e+48               0
                0        0     2.16082e+11          0    22.818381274  0.0031046963253 1.6855724961e+12 3.5141579516e+38 8.5148228693e+38    25466.663355 3.9288305543e+48               0 5.583298047e+48               0 4.8133938462e+48               0
                0        0     2.17399e+11          0    22.946029497   0.002908216856 1.6615796172e+12 3.3579786667e+38 8.4714828383e+38    25617.169497 3.9907303229e+48               0 5.6465006235e+48               0 4.8340739074e+48               0
                0        0     2.23983e+11          0    23.563745151  0.0028146903043 1.5516005368e+12 3.5740429477e+38 9.2608133278e+38     27106.54606 5.2686146275e+48               0 5.957259364e+48               0 5.7290561059e+48               0
                0        0     2.31884e+11          0    24.363753004  0.0030377708767 1.4339215791e+12 4.315573878e+38 1.0814852817e+39    29311.923199 7.7623263229e+48               0 6.3717978411e+48               0 7.286874956e+48               0
                0        0     2.37151e+11          0    24.831723325  0.0026654487313 1.3585956234e+12 4.073350082e+38 1.1086544319e+39    30300.919298 8.6989286438e+48               0 6.6205890813e+48               0 7.678237128e+48               0
                0        0     2.45051e+11          0    25.533678806  0.0026654487313  1.26025611e+12 4.5153317756e+38 1.2355799808e+39    32325.121871 1.135967493e+49               0 7.0024834542e+48               0 8.9028279424e+48               0
                0        0     2.51635e+11          0    26.052569282  0.0023643823544 1.1847669943e+12 4.3471044568e+38 1.2844594463e+39    33663.982065 1.2917986558e+49               0 7.2914880339e+48               0 9.4029126354e+48               0
                0        0     2.55585e+11          0    26.331763476  0.0021202991647 1.1440313471e+12 4.0804110696e+38 1.2948054181e+39    34326.855807 1.3561480391e+49               0 7.4493449406e+48               0 9.5286699295e+48               0
                0        0      2.6612e+11          0    27.076281327  0.0021202991647 1.0474664516e+12 4.5825877709e+38 1.4496486902e+39    36901.794987 1.7411467913e+49               0 7.878340391e+48               0 1.0741249642e+49               0
                0        0      2.6612e+11          0    27.076281327  0.0019222445211 1.0474664516e+12 4.1545336534e+38 1.4068432784e+39    36626.315311 1.6675397354e+49               0 7.878340391e+48               0 1.0426085927e+49               0
                0        0     2.68753e+11          0     27.22273824  0.0016683681651 1.025713444e+12 3.7022215772e+38 1.3832366382e+39    36856.403849 1.6578008964e+49               0 7.9641052847e+48               0 1.0249632119e+49               0
                0        0      2.7402e+11          0    27.488291331  0.0015125278631 9.8548436894e+11 3.5274928528e+38 1.4058730289e+39    37754.047309 1.7556645376e+49               0 8.1207647687e+48               0 1.0397930179e+49               0
                0        0      2.7797e+11          0    27.664960189  0.0013416856036 9.5753746504e+11 3.2410802762e+38 1.4045678519e+39     38292.14143 1.7951515101e+49               0 8.2258104035e+48               0 1.0367028324e+49               0
                0        0     2.81921e+11          0    27.818295882  0.0011644853317 9.314674398e+11 2.9077805013e+38 1.3953919727e+39    38760.741524 1.8182265453e+49               0 8.3175145907e+48               0 1.0275529837e+49               0
                0        0     2.87188e+11          0    27.995741494  0.0010106884087 8.9920222317e+11 2.6309745166e+38 1.3961663616e+39    39455.492386 1.8695258061e+49               0 8.4242550624e+48               0  1.02373763e+49               0
                0        0     2.89821e+11          0    28.071911935  0.0008676977889 8.8424107615e+11 2.3032153799e+38 1.3757722211e+39    39641.780478 1.8552353151e+49               0 8.4702775734e+48               0 1.0074628366e+49               0
                0        0     2.91138e+11          0    28.104608918  0.00074493725899 8.7712959962e+11  1.99571366e+38 1.3503680715e+39    39617.130651 1.819293383e+49               0 8.4900706304e+48               0 9.8903491708e+48               0
                0        0     2.93772e+11          0    28.159540837  0.0006257585453 8.6344646756e+11 1.7063247683e+38 1.3304527628e+39    39781.762231 1.8035088881e+49               0 8.5233741285e+48               0 9.732744466e+48               0
                0        0     2.99039e+11          0    28.255939295  0.00054906291105 8.3749644415e+11 1.5488652613e+38 1.3306701846e+39    40395.034334 1.8441969484e+49               0 8.5819707008e+48               0 9.6864157411e+48               0
                0        0     3.06939e+11          0    28.410306018  0.00058615766522 8.012669089e+11 1.7377124268e+38 1.3754602025e+39    41641.394468 1.9872846265e+49               0 8.676210186e+48               0 9.892708321e+48               0
                0        0      3.1879e+11          0    28.636864763  0.00057352233456 7.5065869822e+11 1.829355188e+38 1.4234170387e+39    43392.396909 2.1653859454e+49               0 8.8154279819e+48               0 1.002603266e+49               0
                0        0     3.22741e+11          0    28.720165354  0.00063261406837 7.3542548391e+11 2.0656268053e+38 1.4615408419e+39    44130.135659 2.2672749298e+49               0 8.8668860293e+48               0 1.0191982934e+49               0
                0        0     3.29324e+11          0    28.866773169  0.00066803486545 7.1065760605e+11 2.268828737e+38 1.5076830623e+39    45242.768313 2.4035385207e+49               0 8.9578048769e+48               0 1.0343786214e+49               0
                0        0     3.37225e+11          0    29.058726131  0.00072887924398 6.8240516705e+11 2.595103016e+38 1.5747191197e+39    46674.694371 2.5908568665e+49               0 9.0775257101e+48               0 1.0559592962e+49               0
                0        0     3.41175e+11          0    29.165751169  0.00081278588024 6.689003221e+11 2.9631433729e+38 1.6310064359e+39    47559.258746 2.7312694751e+49               0 9.1446123573e+48               0 1.0773663693e+49               0
                0        0     3.42492e+11          0    29.205968826  0.00091628119678 6.6443284622e+11 3.3675499948e+38 1.6788241505e+39    48064.852751 2.8382101046e+49               0 9.1698840699e+48               0 1.0991367698e+49               0
                0        0     3.46442e+11          0    29.341985026  0.0010329549909 6.5094704872e+11 3.8930499959e+38 1.7565501417e+39    49112.740406 3.024902121e+49               0 9.255604063e+48               0 1.1283378674e+49               0
                0        0     3.50393e+11          0    29.503906164  0.0012296862191 6.3755209982e+11 4.7579831268e+38 1.8734742777e+39    50431.972474 3.2946196581e+49               0 9.3581548472e+48               0 1.1737067805e+49               0
                0        0     3.54343e+11          0    29.718855952  0.0016324044907 6.2404496786e+11 6.4999308473e+38 2.0888472298e+39     52380.61436 3.7733236043e+49               0 9.4951382886e+48               0 1.2588435479e+49               0
                0        0      3.5566e+11          0    29.781724161  0.0014323300391 6.1925573733e+11 5.7595380527e+38 2.0270218289e+39    52189.297125 3.6527387729e+49               0 9.5353856864e+48               0 1.2263511221e+49               0
                0        0     3.58293e+11          0    29.948638849  0.0019014135084 6.1020463889e+11 7.8026641273e+38 2.2641395721e+39    54049.279294 4.1706269053e+49               0 9.642643249e+48               0 1.3180052798e+49               0
                0        0     3.62244e+11          0       30.233984  0.0021670116978 5.9575650797e+11 9.1950182026e+38 2.4607406431e+39    55851.382012 4.6148345172e+49               0 9.8273514835e+48               0 1.3781684597e+49               0
                0        0     3.72778e+11          0    31.055211768  0.0023387599748 5.5792519658e+11 1.0884511102e+39 2.8040920644e+39    59629.606101 5.4115963624e+49               0 1.0368429884e+49               0 1.4439216311e+49               0
                0        0     3.85945e+11          0    32.037967106  0.0022390171797 5.1351923461e+11 1.1679665786e+39 3.111304069e+39    63790.956999 6.1274131029e+49               0 1.103440314e+49               0 1.4560922256e+49               0
                0        0      3.9648e+11          0    32.750732963  0.0020298732264 4.8156482535e+11 1.1542501396e+39 3.276382756e+39    66730.309648 6.5089642636e+49               0 1.1529977737e+49               0 1.4317838223e+49               0
                0        0     4.07014e+11          0    33.382990863  0.0018005960429 4.5308281679e+11 1.1092481091e+39 3.4000598419e+39    69436.001724 6.7864585309e+49               0 1.197839817e+49               0 1.3945432612e+49               0
                0        0     4.12281e+11          0    33.713202592  0.0018808082377 4.4025571085e+11 1.2042156981e+39 3.5870204962e+39     71389.25116 7.1718277239e+49               0 1.2215888542e+49               0 1.4053443089e+49               0
                0        0     4.22815e+11          0    34.441671469  0.0020745935762 4.1577114722e+11 1.4369036723e+39 4.0324291938e+39     75642.58721 8.0593175933e+49               0 1.2747785045e+49               0 1.4302515609e+49               0
                0        0     4.30716e+11          0    34.942415534  0.0019014135084 3.9788372268e+11 1.3961692876e+39 4.1459630379e+39    77862.820431 8.2690457787e+49               0 1.3119764922e+49               0 1.3965463184e+49               0
                0        0     4.39933e+11          0    35.477849783  0.0017426899281 3.7882261229e+11 1.3646028409e+39 4.2868543165e+39    80467.145408 8.5175874139e+49               0 1.3523237038e+49               0 1.3597056558e+49               0
                0        0     4.50467e+11          0    36.131116353  0.0018604262625 3.5913628475e+11 1.5649458335e+39 4.7084493146e+39    84604.155174 9.2751861645e+49               0 1.4023498978e+49               0 1.358766648e+49               0
                0        0     4.61001e+11          0    36.723362063  0.0016866460401 3.4032456261e+11 1.5217308474e+39 4.8764654043e+39    87676.155924 9.5290643996e+49               0 1.4484618536e+49               0 1.3131529628e+49               0
                0        0     4.67585e+11          0    37.044628387  0.0014638858523 3.2957877572e+11 1.3757450975e+39 4.849421789e+39    88970.233993 9.4406930109e+49               0 1.4737769374e+49               0 1.268685743e+49               0
                0        0     4.78119e+11          0    37.526124567  0.0013712444198 3.1395241112e+11 1.3704068484e+39 5.0282349147e+39    91986.445941 9.6964909491e+49               0 1.5121143535e+49               0 1.2305965942e+49               0
                0        0      4.8997e+11          0    38.067807769  0.0013712444198 2.9787941109e+11 1.4652003313e+39 5.3388460227e+39     95861.33362 1.0158071761e+50               0 1.5558119692e+49               0 1.2009640639e+49               0
                0        0     4.99187e+11          0    38.471149049  0.0013127639631 2.8617948659e+11 1.475530048e+39 5.5159737158e+39    98602.552574 1.0388428669e+50               0 1.5887397339e+49               0 1.1700753681e+49               0
                0        0     5.07088e+11          0    38.784576746  0.0011901402301 2.7677014376e+11 1.3944492299e+39 5.5681821034e+39    100501.04993 1.0409806213e+50               0 1.6145569292e+49               0 1.1346303772e+49               0
                0        0     5.11038e+11          0    38.925112494  0.0010672780276 2.7236012561e+11 1.2753479049e+39 5.5099043859e+39    101045.29909 1.0278725259e+50               0 1.6261981289e+49               0 1.1099752358e+49               0
                0        0     5.13672e+11          0    39.008220512  0.00094672739565 2.695548483e+11 1.1455094859e+39 5.4163463279e+39    101135.79523 1.0100563748e+50               0 1.6331013219e+49               0 1.0890562258e+49               0
                0        0     5.18939e+11          0    39.158910505  0.00085829470651 2.6419408689e+11 1.0636743707e+39 5.4008881134e+39    102083.74864 1.0033640792e+50               0 1.6456540491e+49               0 1.0645997875e+49               0
                0        0     5.20256e+11          0    39.191607488  0.00074493725899 2.6291248784e+11 9.284666585e+38 5.2801845352e+39    101755.64905 9.8223290261e+49               0 1.6483838846e+49               0 1.0479727394e+49               0
                0        0     5.22889e+11          0    39.250893081  0.00067535354846 2.6043831858e+11 8.5102163288e+38 5.2291308916e+39    101989.81354 9.7182238747e+49               0 1.6533391408e+49               0 1.0327692109e+49               0
                0        0     5.29473e+11          0    39.380941326  0.00059257933924 2.5446708495e+11 7.6677110302e+38 5.2031925494e+39    103051.31263 9.6285832581e+49               0 1.6642340694e+49               0 1.0051554107e+49               0
                0        0     5.36057e+11          0    39.500133582  0.0005431128166 2.4882898242e+11 7.2086245459e+38 5.2112381836e+39    104252.53164 9.5960860541e+49               0 1.6742498401e+49               0 9.8195627674e+48               0
                0        0     5.43958e+11          0    39.634112649  0.00050874213852 2.423934751e+11 6.9552169224e+38 5.2471310548e+39    105808.82128 9.5997820696e+49               0 1.6855427537e+49               0 9.5755784558e+48               0
                0        0     5.51858e+11          0    39.781895982  0.00056115937359 2.3629008649e+11 7.899342637e+38 5.4098104283e+39    107987.78222 9.8064128755e+49               0 1.6980416739e+49               0 9.4436853379e+48               0
                0        0     5.55808e+11          0     39.86340093  0.00061897731429 2.3331244385e+11 8.8425175626e+38 5.542105149e+39    109333.08434 9.9882383701e+49               0 1.7049540872e+49               0 9.4153867627e+48               0
                0        0     5.63709e+11          0    40.047167535  0.00069779420153 2.2741878254e+11 1.0273953235e+39 5.7717335546e+39    111870.41892 1.0287532784e+50               0 1.7205889677e+49               0 9.3206933111e+48               0
                0        0     5.68976e+11          0    40.183781753  0.00077812241053 2.235573871e+11 1.169430614e+39 5.9788389311e+39    113831.26493  1.05645884e+50               0 1.7322567124e+49               0 9.2884281121e+48               0
                0        0     5.72926e+11          0    40.295574497  0.0008489935236 2.2067449478e+11 1.2962069395e+39 6.1593588086e+39    115427.60021 1.080621334e+50               0 1.7418328257e+49               0 9.2746825671e+48               0
                0        0     5.76877e+11          0    40.417549285  0.00092631955251 2.177981029e+11 1.4372802869e+39 6.3595831382e+39    117120.24629 1.1072793326e+50               0 1.7523101613e+49               0 9.2669586107e+48               0
                0        0     5.84777e+11          0    40.651094966  0.00088681412983 2.120784384e+11 1.4212585469e+39 6.4583219436e+39    119147.11343 1.1141820331e+50               0 1.7724556765e+49               0 9.0516210774e+48               0
                0        0     5.91361e+11          0    40.831424225  0.00082169038884 2.0752938916e+11 1.3517235553e+39 6.4787615875e+39    120541.07403 1.110624104e+50               0 1.7880867091e+49               0 8.8425933404e+48               0
                0        0     5.97945e+11          0     40.99490914  0.00074493725899 2.0319439688e+11 1.2566161898e+39 6.4662612736e+39    121761.30921 1.1023054941e+50               0 1.8023148288e+49               0 8.6243652842e+48               0
                0        0     6.03212e+11          0    41.112195392  0.00066803486545 1.9989509295e+11 1.1487682367e+39 6.4182887489e+39    122533.71685 1.0902551478e+50               0 1.8125557492e+49               0 8.4369957654e+48               0
                0        0     6.07162e+11          0    41.193700339  0.00061897731429 1.9752748315e+11 1.0793014525e+39 1.9913285851e+39    91997.034441 3.8399609768e+49               0 1.8196888706e+49               0 4.8723906279e+48               0
                0        0     6.13746e+11          0    41.329541919  0.00061897731429 1.9633987335e+11 1.0894105368e+39 2.007462643e+39    92461.189394 3.8651158408e+49               0 1.8316074062e+49               0 4.8621132542e+48               0
                0        0     6.22964e+11          0    41.517659203  0.00061226957023 1.9469881595e+11 1.0916338116e+39 2.0180622268e+39    92972.357644 3.8788493936e+49               0 1.8481744371e+49               0 4.8334120723e+48               0
                0        0     6.28231e+11          0    41.652792958  0.00076969004015 1.9377781542e+11 1.3833137468e+39 2.3157827477e+39    96454.898145 4.3966397351e+49               0 1.8601196936e+49               0 5.1431769521e+48               0
                0        0     6.28231e+11          0    41.652792958  0.00068275241159 1.9377781542e+11 1.2270664129e+39 2.1595354138e+39    94785.065778 4.1247730261e+49               0 1.8601196936e+49               0 4.9721652141e+48               0
                0        0     6.33498e+11          0    41.805133841  0.0008676977889 1.928086539e+11 1.5730275911e+39 2.5123298877e+39    98686.504381 4.7300415859e+49               0 1.8736304416e+49               0 5.3197730926e+48               0
                0        0     6.34815e+11          0     41.84853898  0.00098890180929 1.9253017258e+11 1.7972124802e+39 2.7384662936e+39    100908.86256 5.1113712368e+49               0 1.8774885617e+49               0 5.5325033796e+48               0
                0        0     6.34815e+11          0     41.84853898  0.0010442715712 1.9253017258e+11 1.8978404962e+39 2.8390943096e+39    101823.35808 5.2799201536e+49               0 1.8774885617e+49               0 5.6268505802e+48               0
                0        0     6.38765e+11          0    41.993744451  0.0011027415504 1.9159529135e+11 2.0208694661e+39 2.9686665101e+39    103216.65926 5.4898592602e+49               0 1.890423117e+49               0 5.7152135892e+48               0
                0        0     6.42715e+11          0    42.122548749  0.00097818526107 1.9072564709e+11 1.8063063689e+39 2.7599265449e+39    101583.15411 5.1376277277e+49               0 1.9019324936e+49               0 5.497521811e+48               0
                0        0     6.47982e+11          0    42.316156044  0.0011027415504 1.9125991293e+11 2.0399557589e+39 3.0023623036e+39    103599.02276 5.5434972969e+49               0 1.9192956682e+49               0 5.7344025178e+48               0
                0        0     6.50616e+11          0    42.396591357  0.00091628119678 1.9148159649e+11 1.6962795631e+39 2.6623483045e+39     100474.2005 4.977829015e+49               0 1.9265316468e+49               0 5.4281454521e+48               0
                0        0     6.54566e+11          0    42.507172623  0.00083979313592 1.9178609615e+11 1.5562600683e+39 2.5273748958e+39    99097.048181 4.7508743264e+49               0 1.9365009669e+49               0 5.3051770427e+48               0
                0        0       6.572e+11          0    42.566458216  0.00067535354846 1.9194921939e+11 1.2522098207e+39 2.2260354033e+39    95960.323331 4.2338926952e+49               0 1.9418559909e+49               0 4.9967561177e+48               0
                0        0       6.572e+11          0    42.566458216  0.00060563451677 1.9194921939e+11 1.1229399644e+39 2.096765547e+39    94535.767364 4.0084090499e+49               0 1.9418559909e+49               0 4.853809214e+48               0
                0        0       6.572e+11          0    42.566458216  0.00073686451003 1.9194921939e+11 1.3662606469e+39 2.3400862295e+39      97166.5205 4.4311063158e+49               0 1.9418559909e+49               0 5.1183997302e+48               0
                0        0     6.62467e+11          0    42.653852208  0.00049777559227 1.9218952091e+11 9.2369141532e+38 1.9015198619e+39    92196.031034 3.6643680038e+49               0 1.9497629161e+49               0 4.6323696837e+48               0
                0        0     6.62467e+11          0    42.653852208  0.00053722720225 1.9218952091e+11 9.9689933074e+38 1.9747277773e+39    93070.879451 3.7942897674e+49               0 1.9497629161e+49               0 4.7194507525e+48               0
                0        0     6.63783e+11          0    42.673445211  0.00044638853379 1.9224336814e+11 8.2848399777e+38 1.8072109797e+39    91018.231263 3.4960164766e+49               0 1.9515377059e+49               0 4.5181784515e+48               0
                0        0     6.69051e+11          0    42.741466408  0.00038743271779 1.9243023524e+11 7.1951053042e+38 1.7013601681e+39    89611.608086 3.3057534628e+49               0 1.957705294e+49               0 4.3880187226e+48               0
                0        0     6.71684e+11          0    42.769117049  0.00031498307272 1.9250616363e+11 5.8511012652e+38 1.5682305467e+39    87787.366021 3.063502743e+49               0 1.9602150995e+49               0 4.2124925996e+48               0
                0        0     6.71684e+11          0    42.769117049  0.00035124308469 1.9250616363e+11 6.524664451e+38 1.6355868653e+39    88715.181405 3.1865138904e+49               0 1.9602150995e+49               0 4.3033322408e+48               0
                0        0     6.75634e+11          0    42.807130737  0.00028868934922 1.9261051759e+11 5.3645294795e+38 1.5213217624e+39    87099.794691 2.9775852104e+49               0 1.9636680701e+49               0 4.1499367739e+48               0
                0        0     6.75634e+11          0    42.807130737   0.000258886971 1.9261051759e+11 4.8107309518e+38 1.4659419097e+39    86296.076772 2.8754269839e+49               0 1.9636680701e+49               0 4.0717686294e+48               0
                0        0     6.76951e+11          0    42.817432455  0.00023470464445 1.9263879131e+11 4.3617755557e+38 1.4215204529e+39    85628.486298 2.7931423551e+49               0 1.9646043298e+49               0 4.0082630343e+48               0
                0        0     6.79585e+11          0    42.835708703  0.00020819440769 1.9268894511e+11 3.8697505537e+38 1.3731593022e+39    84879.671915 2.7031799242e+49               0 1.9662658743e+49               0 3.9380116555e+48               0
                0        0     6.79585e+11          0    42.835708703  0.00016561355074 1.9268894511e+11 3.0782917601e+38 1.2940134229e+39    83629.241285 2.5548920632e+49               0 1.9662658743e+49               0 3.8178725814e+48               0
                0        0     6.79585e+11          0    42.835708703  0.00018874721368 1.9268894511e+11 3.5082817198e+38 1.3370124188e+39    84315.480961 2.635600265e+49               0 1.9662658743e+49               0 3.8837020257e+48               0
                0        0     6.82218e+11          0    42.849033401  0.00015178869065 1.9272550558e+11 2.8216685945e+38 1.268964737e+39    83213.665464 2.5077574471e+49               0 1.9674776859e+49               0 3.7795651953e+48               0
                0        0     6.82218e+11          0    42.849033401  0.00013174152223 1.9272550558e+11 2.4490027174e+38 1.2316981493e+39    82595.870822 2.4373387294e+49               0 1.9674776859e+49               0 3.7206393898e+48               0
                0        0     6.87485e+11          0    42.869550599  0.00011686112243 1.9278179224e+11 2.1727898537e+38 1.2050220965e+39    82132.985002 2.3868214124e+49               0 1.9693443206e+49               0 3.6787766512e+48               0
                0        0     6.87485e+11          0    42.869550599  0.00010142693828 1.9278179224e+11 1.8858232559e+38 1.1763254367e+39    81639.573329 2.3322520818e+49               0 1.9693443206e+49               0 3.6319702996e+48               0
                0        0     6.88802e+11          0    42.873542876  9.095629229e-05 1.9279274339e+11 1.6912047603e+38 1.1570475652e+39    81300.707048 2.2955093415e+49               0 1.9697076332e+49               0 3.6003146754e+48               0
                0        0     6.91436e+11          0    42.880781604  8.2460172331e-05 1.9281259881e+11 1.5333322726e+38 1.1415939459e+39    81023.699896 2.2660090931e+49               0 1.9703664675e+49               0 3.5748862321e+48               0
                0        0     6.91436e+11          0    42.880781604  7.3947529759e-05 1.9281259881e+11 1.3750411945e+38 1.1257648381e+39     80741.36306 2.2357222233e+49               0 1.9703664675e+49               0 3.5482590011e+48               0
                0        0     6.91436e+11          0    42.880781604  6.9267789818e-05 1.9281259881e+11 1.2880222607e+38 1.1170629447e+39    80584.880874 2.2190499896e+49               0 1.9703664675e+49               0 3.5335214382e+48               0
                0        0     6.91436e+11          0    42.880781604  4.1962052338e-05 1.9281259881e+11 7.8027691741e+37 1.0662884104e+39    79653.126848 2.1214490317e+49               0 1.9703664675e+49               0 3.4460722185e+48               0
                0        0     6.92752e+11          0      42.8830225  5.105446648e-05 1.928187452e+11 9.493680933e+37 1.0833008212e+39    79967.681171 2.1542168952e+49               0 1.9705704446e+49               0 3.4757575002e+48               0
                0        0     6.92752e+11          0      42.8830225  6.011939383e-05 1.928187452e+11 1.1179322443e+38 1.1001572363e+39    80276.961273 2.1866188736e+49               0 1.9705704446e+49               0 3.5047874477e+48               0
                0        0     6.94069e+11          0    42.884213639  2.7137788416e-05 1.9282201223e+11 5.0463811127e+37 1.0388827303e+39    79134.376946 2.0685434138e+49               0 1.9706788719e+49               0 3.3979460795e+48               0
                0        0     6.94069e+11          0    42.884213639  2.1587445834e-05 1.9282201223e+11 4.0142725434e+37 1.0285616446e+39    78937.094503 2.0485738261e+49               0 1.9706788719e+49               0 3.3795592825e+48               0
                0        0     6.94069e+11          0    42.884213639  3.6420003541e-05 1.9282201223e+11 6.7724464196e+37 1.0561433834e+39    79461.045743 2.1018876046e+49               0 1.9706788719e+49               0 3.4284448018e+48               0
                0        0     6.99336e+11          0    42.887195888  1.6986191381e-05 1.9283019174e+11 3.1587364013e+37 1.020143761e+39    78773.417795 2.0322738675e+49               0 1.9709503536e+49               0 3.3646084319e+48               0
                0        0     7.00653e+11          0    42.887782538  1.3365670948e-05 1.9283180073e+11 2.4854810376e+37 1.0134382523e+39    78643.322966 2.0192754186e+49               0 1.9710037599e+49               0 3.3525651168e+48               0
                0        0      7.0197e+11          0     42.88826471  1.0985346093e-05 1.9283312317e+11 2.0428446299e+37 1.0090341169e+39    78557.473215 2.0107327799e+49               0 1.9710476555e+49               0 3.3446323771e+48               0
                0        0     7.04603e+11          0    42.888967785  8.0091070565e-06 1.9283505147e+11 1.4893901208e+37 1.0035319849e+39    78449.770367 2.0000543824e+49               0 1.9711116623e+49               0 3.334695944e+48               0
                0        0     7.04603e+11          0    42.888967785  5.0680129552e-06 1.9283505147e+11 9.4245817596e+36 9.9806266547e+38     78342.66203 1.9894318811e+49               0 1.9711116623e+49               0 3.3247551285e+48               0
                0        0     7.11187e+11          0    42.888990778  1.0476724463e-07 1.9283511453e+11 1.9482737671e+35 9.8883397109e+38    78160.916903 1.971492679e+49               0 1.9711137555e+49               0 3.3079060771e+48               0
                0        0     7.20404e+11          0    42.889021932  1.0139799137e-07 1.9283519997e+11 1.8856189573e+35 9.8882914188e+38    78160.804157 1.9714833295e+49               0 1.9711165918e+49               0 3.3078985614e+48               0
                0        0     7.32255e+11          0    42.894720236  1.4424978085e-05 1.9285082801e+11 2.6826390847e+37 1.015729693e+39    78683.857677 2.0237294843e+49               0 1.9716353939e+49               0 3.3569962953e+48               0
                0        0     7.32255e+11          0    42.894720236  9.4311564601e-06 1.9285082801e+11 1.7539291072e+37 1.0064425933e+39    78503.380573 2.0057131713e+49               0 1.9716353939e+49               0 3.3402207691e+48               0
                0        0     7.32255e+11          0    42.894720236  2.1122102578e-05 1.9285082801e+11 3.9281153561e+37 1.0281844558e+39    78923.959584 2.0478606753e+49               0 1.9716353939e+49               0 3.3793457732e+48               0
                0        0     7.38839e+11          0    42.900941243  2.8346711194e-05 1.9286788867e+11 5.2719869592e+37 1.0419100332e+39    79182.544382 2.0744249851e+49               0 1.9722018604e+49               0 3.4040581954e+48               0
                0        0      7.4279e+11          0    42.905103534  3.1609909049e-05 1.9287930292e+11 5.879106489e+37 1.0481731822e+39    79298.926487 2.0865355264e+49               0 1.9725809101e+49               0 3.4153292484e+48               0
                0        0     7.52007e+11          0    42.914300594  2.9933876506e-05 1.9290452247e+11 5.567847684e+37 1.0454848039e+39    79242.850136 2.0813573044e+49               0 1.9734185883e+49               0 3.4109834339e+48               0
                0        0     7.63858e+11          0    42.971704531  0.00014531524813 1.9306188403e+11 2.7043443013e+38 1.2628905397e+39     83041.46809 2.4966912405e+49               0 1.978650871e+49               0 3.7762671738e+48               0
                0        0     7.74392e+11          0    43.035849464  0.00018267721377 1.9323762775e+11 3.4016358145e+38 1.3355848303e+39    84173.208479 2.6336686106e+49               0 1.984505476e+49               0 3.8921046279e+48               0
                0        0     8.20479e+11          0    43.433559201   0.000258886971 1.9432499784e+11 4.8380649692e+38 1.4977108478e+39    86376.284547 2.9371164219e+49               0 2.0209908752e+49               0 4.1525047916e+48               0
                0        0     8.48131e+11          0    43.654661408  0.00023987544707 1.9492782922e+11 4.4916646985e+38 1.4734198269e+39    85890.783652 2.8931651517e+49               0 2.0414128671e+49               0 4.1300869042e+48               0
                0        0     8.67882e+11          0    43.834651966  0.00027338235345 1.9541769166e+11 5.1273022043e+38 1.5454470946e+39    86812.738679 3.0271787935e+49               0 2.0581105592e+49               0 4.2430074183e+48               0
                0        0        8.85e+11          0    43.990643783  0.00027338235345 1.958416049e+11 5.1344105254e+38 1.5535211434e+39     86831.77389 3.0428366713e+49               0 2.0726348356e+49               0 4.2633510059e+48               0
                0        0     9.28454e+11          0    44.212909969  0.0001534516178 1.9644460971e+11 2.887654359e+38 1.3393822514e+39     83542.59046 2.6449846368e+49               0 2.0934147608e+49               0 3.9595292494e+48               0
                0        0     9.48205e+11          0    44.381509896  0.0002560814602 1.9690123056e+11 4.8261024203e+38 1.5412551044e+39    86426.371044 3.0221069331e+49               0 2.109243881e+49               0 4.2684200111e+48               0
                0        0     9.58739e+11          0    44.479619735  0.00027940526873 1.9716663103e+11 5.2701987689e+38 1.5903503967e+39    87047.912048 3.1131344744e+49               0 2.118481393e+49               0 4.3432908412e+48               0
                0        0     9.73224e+11          0    44.679315707  0.0004136077173 1.9770613159e+11 7.8151939747e+38 1.8544192208e+39    90332.446329 3.5951324126e+49               0 2.1373437118e+49               0 4.7069777425e+48               0
                0        0     9.83758e+11          0    44.812425544  0.00037908114143 1.9806522017e+11 7.1711228731e+38 1.7964144583e+39    89536.349951 3.4912448501e+49               0 2.1499612944e+49               0 4.640923316e+48               0
                0        0     9.91659e+11          0    44.950856468  0.00052564662633 1.9843822238e+11 9.9556880109e+38 2.0815494576e+39    92808.099748 4.0030975154e+49               0 2.1631211569e+49               0 5.0034077674e+48               0
                0        0     9.98243e+11          0    45.066215571  0.00052564662633 1.9874871546e+11 9.9656445908e+38 2.0881262554e+39    92808.741643 4.0157368839e+49               0 2.1741172119e+49               0 5.019145899e+48               0
                0        0     1.01273e+12          0    45.421984741  0.00073686451003 1.9970433442e+11 1.4012996383e+39 2.5101638371e+39    96946.834397 4.7570404826e+49               0 2.208198039e+49               0 5.5163153553e+48               0
                0        0     1.02458e+12          0    45.618621222  0.00049777559227 2.0023125998e+11 9.4821894152e+38 2.0667046978e+39    92226.457545 3.9822894244e+49               0 2.2271441469e+49               0 5.0314238255e+48               0
                0        0      1.0338e+12          0    45.791035111  0.00056115937359  2.00692548e+11 1.0705333216e+39 2.1974896057e+39    93544.432569 4.2154833313e+49               0 2.2438204138e+49               0 5.1978381526e+48               0
                0        0     1.04696e+12          0    46.053981098  0.00059907136618 2.0139474972e+11 1.1454136384e+39 2.2853497312e+39    94300.925774 4.372532581e+49               0 2.2693682952e+49               0 5.3174026699e+48               0
                0        0     1.05618e+12          0    46.252631288  0.00064655125521 2.0192421205e+11 1.2382711678e+39 2.3880625174e+39    95218.006674 4.5542415897e+49               0 2.288761373e+49               0 5.4470414269e+48               0
                0        0     1.07198e+12          0    46.571623332  0.00060563451677 2.0277256982e+11 1.1630209658e+39 2.3287266128e+39    94422.802213 4.4536207453e+49               0 2.3200686533e+49               0 5.4040087282e+48               0
                0        0     1.08252e+12          0    46.731820604  0.00045622296636 2.0319775864e+11 8.7727486316e+38 2.0510139017e+39    91376.507609 3.9630778041e+49               0 2.3358682145e+49               0 5.087376142e+48               0
                0        0     1.09437e+12          0    46.898807827  0.00042271995227 2.0364036441e+11 8.1398319412e+38 1.9961254836e+39    90660.244924 3.8658679332e+49               0 2.3523922863e+49               0 5.030075164e+48               0
                0        0     1.10885e+12          0    47.102903321  0.00042271995227 2.0418049323e+11 8.1536286717e+38 2.0078165018e+39    90672.531598 3.8883586359e+49               0 2.3726643755e+49               0 5.0581623729e+48               0
                0        0     1.12465e+12          0    47.359433649  0.00048704544307 2.0485809545e+11 9.4142907669e+38 2.1469066862e+39    92051.016293 4.1392315417e+49               0 2.398263159e+49               0 5.2468374976e+48               0
                0        0     1.12992e+12          0    47.439532285  0.00045622296636 2.0506937548e+11 8.8243248554e+38 2.0919911728e+39    91409.517909 4.0418243525e+49               0 2.4062831197e+49               0 5.1852465911e+48               0
                0        0      1.1444e+12          0    47.672136778  0.0004817674206 2.0568214033e+11 9.3362015149e+38 2.1550692821e+39    91953.630076 4.1563030859e+49               0 2.4296457933e+49               0 5.2780605639e+48               0
                0        0     1.14967e+12          0    47.749659489  0.00044155110282 2.0588610414e+11 8.5622710291e+38 2.0816520167e+39    91115.104158 4.025667846e+49               0 2.4374562242e+49               0 5.193197881e+48               0
                0        0     1.15362e+12          0    47.800122536  0.00038323418022 2.0601880405e+11 7.4344892616e+38 1.9714653286e+39    89855.717428 3.8277056191e+49               0 2.4425468577e+49               0 5.0571906082e+48               0
                0        0     1.15625e+12          0    47.826883949  0.00030485340148 2.0608915489e+11 5.9152451354e+38 1.8209163373e+39    88073.811207 3.5542101706e+49               0 2.4452485773e+49               0 4.8600130966e+48               0
                0        0     1.15889e+12          0    47.849363939  0.0002560814602 2.061482388e+11 4.9698059504e+38 1.7275283883e+39    86909.718807 3.3829415813e+49               0 2.4475191713e+49               0 4.7325886476e+48               0
                0        0     1.17732e+12          0    47.856415057  1.1474716668e-05 2.0616676894e+11 2.2270410505e+37 1.2531808994e+39    80203.989296 2.4910658104e+49               0 2.4482315788e+49               0 3.9989898104e+48               0
                0        0     1.18654e+12          0     47.97807467  0.0003959682886 2.0648631957e+11 7.6926627477e+38 2.0064431103e+39    90149.418953 3.8920795593e+49               0 2.4605391016e+49               0 5.1135271837e+48               0
                0        0     1.19181e+12          0     48.06837259  0.0005143156836 2.0672329143e+11 9.9991832962e+38 2.2417564452e+39    92630.554149 4.3137724327e+49               0 2.4696931272e+49               0 5.4094739036e+48               0
                0        0     1.20102e+12          0     48.22639395  0.0005143156836 2.0713757485e+11 1.0011990391e+39 2.2512154846e+39     92635.33666 4.3319047717e+49               0 2.4857519523e+49               0 5.4317302965e+48               0
                0        0     1.20629e+12          0    48.483407009  0.0014638858523 2.0781025509e+11 2.8556049287e+39 4.1189803089e+39     107563.7172 7.4800520621e+49               0 2.5119774921e+49               0 7.2524520646e+48               0
                0        0     1.21551e+12          0    49.100318535  0.0020078758611 2.094192474e+11 3.9361290395e+39 5.2318597939e+39    113751.61936 9.2479553664e+49               0 2.5754660954e+49               0 8.1406881711e+48               0
                0        0     1.22736e+12          0    49.684933281   0.001479923513 2.1093674466e+11 2.914583459e+39 4.2413532352e+39    107547.87957 7.7028009874e+49               0 2.6363326415e+49               0 7.470321166e+48               0
                0        0     1.22999e+12          0    49.795258907   0.001256777565 2.1122233655e+11 2.477258491e+39 3.8099270059e+39    104631.17526 7.0046995489e+49               0 2.6478956018e+49               0 7.1231759595e+48               0
                0        0      1.2537e+12          0    49.812129474  2.1353506628e-05 2.1126598639e+11 4.2095869521e+37 1.3756675501e+39     81098.98959 2.7302580953e+49               0 2.6496659057e+49               0 4.3004439319e+48               0
                0        0      1.2616e+12          0    50.806928577  0.0037774275957 3.2568471637e+11 4.9270442804e+39 1.2315692676e+40    112984.24359 2.1843785418e+50               0 2.7550578752e+49               0 1.9454808989e+49               0
                0        0     1.26555e+12          0    51.257866623  0.0034245825403 3.1789573315e+11 4.6168761016e+39 1.2071102613e+40    113787.94313 2.1333710081e+50               0 2.8034808571e+49               0 1.876903574e+49               0
                0        0     1.26686e+12          0    51.358307275  0.0022883452018 3.1548070664e+11 3.1147571373e+39 1.0583590331e+40    110528.35686 1.8975448234e+50               0 2.8143215512e+49               0 1.7554395218e+49               0
                0        0     1.27213e+12          0    51.751409411  0.0022390171797 3.0726544831e+11 3.1530483814e+39 1.0679048846e+40    112247.87829 1.9002698673e+50               0 2.8569424904e+49               0 1.7116846352e+49               0
                0        0     1.27476e+12          0    51.906066617  0.0017617820381 3.0335721259e+11 2.5204653216e+39 1.0068956965e+40    111319.39044 1.7990398548e+50               0 2.8737949347e+49               0 1.6439314198e+49               0
                0        0     1.28003e+12          0    52.183449455  0.0015799073178 2.9624975094e+11 2.3268648244e+39 9.9156951448e+39    112215.70843 1.7646862201e+50               0 2.9041393913e+49               0 1.5903442609e+49               0
                0        0     1.29715e+12          0     52.22518662  7.3146173891e-05 2.7459019884e+11 1.1631918136e+38 7.7112191708e+39    109456.13455 1.3890117762e+50               0 2.9087184787e+49               0 1.3068076687e+49               0
                0        0     1.30373e+12          0    54.041798806  0.0082775961279 6.3080009929e+11 5.9293492261e+39 1.3788431859e+40    83509.273169 2.7231149571e+50               0 3.1113710946e+49               0 4.0792774116e+49               0
                0        0      1.3248e+12          0    55.200757095  0.0016502883642 4.8036289159e+11 1.5856238709e+39 9.6132491722e+39    87444.940296 1.8797387829e+50               0 3.2440720271e+49               0 2.6021321752e+49               0
                0        0     1.33138e+12          0    55.401845377  0.00091628119678 4.6149351252e+11 9.1971264781e+38 8.9765814136e+39      87699.4368 1.7539916273e+50               0 3.2673667999e+49               0 2.4159882568e+49               0
                0        0      1.3406e+12          0    55.528924632  0.0004136077173 4.3882992513e+11 4.375990945e+38 8.512948488e+39    88751.099994 1.6583499148e+50               0 3.2821292593e+49               0 2.2380184164e+49               0
                0        0     1.34719e+12          0    55.554018287  0.00011434204094 4.2496113767e+11 1.2497897404e+38 8.2039776375e+39     89357.98561 1.5952660337e+50               0 3.2850480898e+49               0 2.1278601307e+49               0
                0        0     1.35904e+12          0    55.554061991  1.1063328444e-07 4.024000134e+11 1.2770514434e+35 8.0791327242e+39    91477.450756 1.5605823235e+50               0 3.2850531744e+49               0 1.9995156965e+49               0
                0        0     1.36035e+12          0    55.577900442  0.0005431128166 4.0018842956e+11 6.3065582881e+38 8.7131275785e+39    93478.797118 1.6718316076e+50               0 3.2878271555e+49               0 2.0639134576e+49               0
                0        0     1.36035e+12          0    55.577900442  0.0004136077173 4.0018842956e+11 4.8027612271e+38 8.5627478724e+39    93072.822872 1.6452562522e+50               0 3.2878271555e+49               0 2.0463454011e+49               0
                0        0     1.36299e+12          0    55.985771799  0.0046462783762 3.9561919098e+11 5.497564071e+39 1.3639350921e+40    105162.67183 2.502112928e+50               0 3.3354630925e+49               0 2.5223048793e+49               0
                0        0      1.3722e+12          0    57.612728268  0.0052952919224 3.7211006263e+11 6.8549089168e+39 1.5233297538e+40    111471.70272 2.7199441353e+50               0 3.5287385618e+49               0 2.4795722639e+49               0
                0        0     1.39459e+12          0    57.968312323  0.00047654659509 3.1638746829e+11 7.3003134581e+38 9.1601311337e+39    106455.38797 1.6713183666e+50               0 3.5716737387e+49               0 1.649680113e+49               0
                0        0     1.40249e+12          0    58.070344118  0.00038743271779 3.0786805562e+11 6.1101351679e+38 9.0559513805e+39    107610.10796 1.6442318445e+50               0 3.584039481e+49               0 1.5930160831e+49               0
                0        0     1.40907e+12          0    58.092123583  9.924055912e-05 3.0122717298e+11 1.6002103055e+38 8.6081261947e+39    107419.20757 1.5641953572e+50               0 3.5866816908e+49               0 1.5201228903e+49               0
                0        0     1.41566e+12          0     58.11102657  8.6133573388e-05 2.9518800941e+11 1.4177415064e+38 8.5926283007e+39    108463.59906 1.5544188488e+50               0 3.5889756914e+49               0 1.4856065639e+49               0
                0        0     1.43014e+12          0     58.11322088  4.5448248316e-06 2.8245317774e+11 7.8182649587e+36 8.4589915246e+39    110448.10677 1.5171538292e+50               0 3.5892420306e+49               0 1.4052977269e+49               0
                0        0     1.43014e+12          0     58.11322088  5.1796668798e-06 2.8245317774e+11 8.9103561885e+36 8.4600836158e+39    110451.67142 1.5173261163e+50               0 3.5892420306e+49               0 1.4053789592e+49               0
                0        0     1.43541e+12          0    58.113828544  3.4611126209e-06 2.7827876327e+11 6.0433800708e+36 8.4573050099e+39    111267.88349 1.5114242257e+50               0 3.5893157889e+49               0 1.3822181664e+49               0
                0        0     1.43936e+12          0    58.113923453  7.2077474734e-07 2.7524081797e+11 1.2724234774e+36 8.4525478556e+39     111864.5167 1.506620515e+50               0 3.589327309e+49               0 1.3651502884e+49               0
                0        0     1.44331e+12          0    58.114612967  5.2364129299e-06 2.7227058278e+11 9.3450852894e+36 8.4607207907e+39    112500.21213 1.5038562735e+50               0 3.5894110032e+49               0 1.349363664e+49               0
                0        0     1.44331e+12          0    58.114612967  5.2364129299e-06 2.7227058278e+11 9.3450852894e+36 8.4607207907e+39    112500.21213 1.5038562735e+50               0 3.5894110032e+49               0 1.349363664e+49               0
                0        0     1.45253e+12          0    58.116204398  5.1796668798e-06 2.6548262196e+11 9.4804232814e+36 8.4610875641e+39    113930.59338 1.4944104412e+50               0 3.589604177e+49               0 1.3119109221e+49               0
                0        0     1.45648e+12          0    58.427538684  0.0023643823544 2.6274602133e+11  4.39606299e+39 1.2892946231e+40    127239.46362 2.1430304758e+50               0 3.627490711e+49               0 1.5533094248e+49               0
                0        0     1.46438e+12          0    59.168797469  0.0028146903043 2.5478044508e+11 5.4654008748e+39 1.4070082415e+40    132066.59334 2.2868571068e+50               0 3.7184605464e+49               0 1.5535457009e+49               0
                0        0      1.4736e+12          0    59.864262837   0.002263546823 2.4546467945e+11 4.6156499687e+39 6.5417614756e+39    111104.34224 1.1699311594e+50               0 3.8047896422e+49               0 1.0726407434e+49               0
                0        0      1.4736e+12          0    59.864262837  0.0010907913417 2.4546467945e+11 2.2242575107e+39 4.1503690177e+39    99158.291325 7.7998830674e+49               0 3.8047896422e+49               0 8.7006717286e+48               0
                0        0     1.48018e+12          0    59.916335733  0.00023727596068 2.4364593697e+11 4.8787050899e+38 2.4173343274e+39    86947.370827 4.7332711049e+49               0 3.8112916374e+49               0 6.616724848e+48               0
                0        0     1.48808e+12          0    59.946448119  0.00011434204094 2.4239479564e+11 2.364345057e+38 2.1678382078e+39    84829.504855 4.2680960867e+49               0 3.8150539922e+49               0 6.2240967359e+48               0
                0        0      1.4973e+12          0    59.981198527  0.00011310293713 2.4110069463e+11 2.3526391235e+38 2.1689074976e+39     85067.34681 4.2677040213e+49               0 3.8193980447e+49               0 6.1937287493e+48               0
                0        0      1.4973e+12          0    59.981198527  0.00010142693828 2.4110069463e+11 2.1097682272e+38 2.144620408e+39    84828.197483 4.2223977621e+49               0 3.8193980447e+49               0 6.157618257e+48               0
                0        0     1.51047e+12          0    60.023356626  9.6049040829e-05 2.3929379609e+11 2.0144042325e+38 2.1378031067e+39    85080.114814 4.2063676335e+49               0 3.8246712848e+49               0 6.1031408154e+48               0
                0        0     1.54865e+12          0    60.024425273  8.3955346174e-07 2.3672016346e+11 1.7799420742e+36 1.9382115756e+39    83470.791318 3.8281566989e+49               0 3.824804999e+49               0 5.7391820021e+48               0
                0        0     1.55524e+12          0    60.024585188  7.2867122425e-07 2.3672054816e+11 1.5448616164e+36 1.9379868131e+39     83468.30349 3.8277340652e+49               0 3.8248250086e+49               0 5.7388414949e+48               0
                0        0     1.55787e+12          0    60.024640706  6.3243352241e-07 2.3672068172e+11 1.3408277884e+36 1.9377863614e+39    83466.121517 3.8273568225e+49               0 3.8248319553e+49               0 5.7385329686e+48               0
                0        0     1.56182e+12          0    60.024728646  6.6784421051e-07 2.3672089327e+11 1.415903104e+36 1.9378671107e+39    83466.953734 3.8275091907e+49               0 3.8248429589e+49               0 5.7386633688e+48               0
                0        0     1.57235e+12          0    60.024941247  6.0546167069e-07 2.3672140472e+11 1.2836470386e+36 1.9377485721e+39    83465.587128 3.8272867564e+49               0 3.8248695609e+49               0 5.7384908751e+48               0
                0        0      1.5763e+12          0      60.0250448  7.864226556e-07 2.3672165383e+11 1.667305861e+36 1.9381389124e+39     83469.74622 3.8280221284e+49               0 3.8248825182e+49               0 5.7391033895e+48               0
                0        0     1.57762e+12          0    60.025151996  2.4422488613e-06 2.3672191171e+11 5.1778501642e+36 1.9416563732e+39    83507.546572 3.8346448931e+49               0 3.8248959313e+49               0 5.7445736896e+48               0
                0        0     1.58025e+12          0    60.025380872  2.6072474786e-06 2.3672246231e+11 5.527674544e+36 1.9420209652e+39    83511.369305 3.8353320612e+49               0  3.82492457e+49               0 5.7451524252e+48               0
                0        0      1.5842e+12          0    60.025702459  2.4422488613e-06 2.3672323594e+11 5.1778686828e+36 1.941691909e+39    83507.695082 3.8347137971e+49               0 3.8249648096e+49               0 5.7446594055e+48               0
                0        0     1.59737e+12          0    60.026910915  2.7532302958e-06 2.3672614305e+11 5.8372334948e+36 1.9424292475e+39    83515.108953 3.8361062077e+49               0 3.825116023e+49               0  5.74587113e+48               0
                0        0     1.61054e+12          0    60.028106274  2.7233940421e-06 2.3672901864e+11 5.7740213044e+36 1.9424431656e+39    83514.751316 3.8361367722e+49               0 3.8252656006e+49               0 5.7459590767e+48               0
                0        0     1.61712e+12          0    60.028765534  3.0039935343e-06 2.3673060457e+11 6.3689633924e+36 1.943080647e+39    83521.322784 3.8373391546e+49               0 3.8253480962e+49               0 5.7469851138e+48               0
                0        0     1.62371e+12          0    60.029865714  5.0130918248e-06 2.3673325116e+11 1.0628660203e+37 1.9474113348e+39    83567.354349 3.8454937858e+49               0 3.8254857677e+49               0 5.7537626178e+48               0
                0        0     1.63292e+12          0    60.031583275  5.5901855969e-06 2.3673738289e+11 1.1852335495e+37 1.9487458413e+39    83580.937894 3.8480112518e+49               0 3.8257007001e+49               0 5.7559259301e+48               0
                0        0     1.63687e+12          0    60.031859365  2.0967233013e-06 2.3673804704e+11 4.4454897161e+36 1.9413568114e+39     83501.47972 3.8341054203e+49               0 3.8257352501e+49               0 5.7444806744e+48               0
                0        0     1.64478e+12          0    60.032780848  3.4990309802e-06 2.3674026371e+11 7.4187182198e+36 1.9443895031e+39    83533.680027 3.8398174423e+49               0 3.8258505655e+49               0 5.749238973e+48               0
                0        0     1.64741e+12          0     60.03312712  3.9445767601e-06 2.3674109669e+11 8.3633924577e+36 1.9453565225e+39    83543.917241 3.8416387592e+49               0 3.825893899e+49               0 5.7507581906e+48               0
                0        0     1.65663e+12          0    60.037278657  1.3512099097e-05 2.3675108324e+11 2.8649470474e+37 1.9659105118e+39     83761.95589 3.8803115387e+49               0 3.826413451e+49               0 5.782762012e+48               0
                0        0     1.66189e+12          0    60.041840015  2.5980423445e-05 2.3676205531e+11 5.5087475543e+37 1.9926428966e+39    84043.315922 3.9305275722e+49               0 3.8269843299e+49               0 5.824031224e+48               0
                0        0     1.67243e+12          0    60.060565796  5.3328819369e-05 2.3680709563e+11 1.1308927784e+38 2.0518534525e+39     84652.75373 4.0414773433e+49               0 3.8293283901e+49               0 5.9147300505e+48               0
                0        0      1.6856e+12          0    60.119664067  0.00013464393352 2.3694920627e+11 2.8563592697e+38 2.2282173811e+39    86390.029292 4.3695314829e+49               0 3.8367307072e+49               0 6.1759727731e+48               0
                0        0      1.7014e+12          0    60.257515563  0.00026172321769 2.3728047925e+11 5.5572024135e+38 2.5072204004e+39    88913.761559 4.8817934094e+49               0 3.8540237694e+49               0 6.5675387211e+48               0
                0        0     1.70798e+12          0    60.341620643  0.00038323418022 2.3748244824e+11 8.141687763e+38 2.7711203921e+39     91127.60383 5.3588028178e+49               0 3.8645927614e+49               0 6.911343054e+48               0
                0        0     1.72773e+12          0    60.672938542  0.00050322899292 2.3827700554e+11 1.0713794309e+39 3.0498801236e+39     93181.88391 5.8579017799e+49               0 3.9063621148e+49               0 7.2713324036e+48               0
                0        0     1.75538e+12          0    60.916821576  0.00026459053699 2.3886079818e+11 5.6419783815e+38 2.5586361974e+39    89070.021322 4.9795848144e+49               0 3.9372456362e+49               0 6.6789490696e+48               0
                0        0     1.76723e+12          0    60.998173438  0.00020593824293 2.3905533057e+11 4.3935963539e+38 2.4391285293e+39    87975.413413 4.7622294984e+49               0 3.9475732771e+49               0 6.5243512224e+48               0
                0        0     1.78699e+12          0    61.102560551  0.00015855050937 2.3930479779e+11 3.3848575769e+38 2.3451049787e+39    87069.636276 4.5903038205e+49               0 3.9608441876e+49               0 6.401424457e+48               0
                0        0     1.79884e+12          0    61.198356766  0.00024250341224 2.3953358803e+11 5.1803123786e+38 2.5309473214e+39    88703.228606 4.931063694e+49               0 3.9730416508e+49               0 6.6608561981e+48               0
                0        0     1.80937e+12          0     61.29435173  0.00027338235345 2.3976271287e+11 5.8435133968e+38 2.603587245e+39    89290.256971 5.0637187022e+49               0 3.9852823974e+49               0 6.7630797493e+48               0
                0        0     1.88838e+12          0    61.476770938  6.9267789818e-05 2.4019773347e+11 1.4823072321e+38 2.1795034811e+39    85330.993128 4.2857327137e+49               0 4.0085930657e+49               0 6.1869880428e+48               0
                0        0     1.90945e+12          0    61.492955523  2.3045896187e-05 2.4023630501e+11 4.9322500125e+37 2.0816649185e+39    84350.031098 4.1031687576e+49               0 4.0106643707e+49               0 6.0420009999e+48               0
                0        0      1.9213e+12          0    61.509531809  4.1962052338e-05 2.4027580596e+11 8.981602979e+37 2.1232542884e+39    84761.247924 4.1810136349e+49               0 4.0127863355e+49               0 6.105523974e+48               0
                0        0     1.93446e+12          0    61.525003286  3.5248757545e-05 2.4031267042e+11 7.5454221658e+37 2.1099155494e+39    84621.319779 4.1561559853e+49               0 4.0147673554e+49               0 6.0864362521e+48               0
                0        0       1.945e+12          0    61.542544014  4.9953926294e-05 2.4035446099e+11 1.0694429959e+38 2.1425658392e+39    84939.423987 4.2172031834e+49               0 4.0170138941e+49               0 6.1362453306e+48               0
                0        0     1.95553e+12          0     61.55590216  3.8042426533e-05 2.403862835e+11 8.1450355111e+37 2.1179556762e+39    84688.850125 4.1713127517e+49               0 4.0187251491e+49               0 6.1002859399e+48               0
                0        0      1.9687e+12          0     61.56487498  2.0442828123e-05 2.4040765753e+11 4.3771399875e+37 2.0808704748e+39    84311.919063 4.1019731139e+49               0 4.0198748142e+49               0 6.0449207763e+48               0
                0        0     1.97923e+12          0    61.572455155  2.1587445834e-05 2.4042571322e+11 4.6224430887e+37 2.0838251724e+39    84338.665423 4.1075375051e+49               0 4.0208461657e+49               0 6.0498311395e+48               0
                0        0     1.99372e+12          0    61.575432269  6.1661592588e-06 2.4043280435e+11 1.3203626746e+37 2.0510014146e+39    84003.327598 4.0460165844e+49               0 4.0212276946e+49               0 6.0000480785e+48               0
                0        0     2.00162e+12          0    61.577635457  8.3658933874e-06 2.4043805199e+11 1.7914178085e+37 2.0558577947e+39     84052.09222 4.0551374366e+49               0 4.021510053e+49               0 6.0075958067e+48               0
                0        0     2.01084e+12          0    61.578887682  4.075647188e-06 2.4044103457e+11 8.7273940995e+36 2.0467538976e+39    83958.365182 4.0380578925e+49               0 4.0216705413e+49               0 5.993742721e+48               0
                0        0     2.02137e+12          0    61.580318797  4.075647188e-06 2.4044444319e+11 8.7274732018e+36 2.0468487067e+39    83958.742318 4.0382414208e+49               0 4.0218539601e+49               0 5.9939689916e+48               0
                0        0     2.02927e+12          0    61.581582709  4.7992948571e-06 2.4044745355e+11 1.0277153688e+37 2.0484820513e+39    83974.960981 4.0413122206e+49               0 4.0220159527e+49               0 5.9965416387e+48               0
                0        0     2.03586e+12          0    61.581973476  1.7805749973e-06 2.4044838426e+11 3.8129118403e+36 2.0420436765e+39    83908.737391 4.0292266096e+49               0 4.0220660371e+49               0 5.9866976521e+48               0
                0        0     2.04507e+12          0    61.582646384  2.1901272486e-06 2.4044998696e+11 4.689944382e+36 2.0429652529e+39    83917.923138 4.0309596461e+49               0 4.0221522838e+49               0 5.988149139e+48               0
                0        0     2.05166e+12          0     61.58300065  1.6142535874e-06 2.4045083073e+11  3.45677473e+36 2.0417555345e+39    83905.350402 4.0286895084e+49               0 4.0221976906e+49               0 5.9863137237e+48               0
                0        0     2.05824e+12          0     61.58350271  2.2876921157e-06 2.4045202651e+11 4.8988966176e+36 2.0432308912e+39    83920.294966 4.0314617242e+49               0 4.0222620407e+49               0 5.9886049201e+48               0
                0        0     2.06351e+12          0     61.58386684  2.074001494e-06 2.4045289377e+11 4.4413067055e+36 2.0427974059e+39    83915.692213 4.0306492019e+49               0 4.0223087124e+49               0 5.9879607704e+48               0
                0        0     2.07009e+12          0    61.584695603  3.7763495304e-06 2.4045486766e+11 8.0867899879e+36 2.0464977517e+39    83953.323293 4.0375996005e+49               0 4.0224149383e+49               0 5.9936793073e+48               0
                0        0     2.08721e+12          0    61.587046643  4.1202981057e-06 2.4046046713e+11 8.8234633157e+36 2.0473900636e+39    83961.495508 4.0392837512e+49               0 4.0227162881e+49               0 5.9951791994e+48               0
                0        0     2.09906e+12          0    61.588474795  3.6152968094e-06 2.4046386853e+11 7.7420920633e+36 2.0464032388e+39    83950.782741 4.0374368393e+49               0  4.02289935e+49               0 5.9937485356e+48               0
                0        0     2.10696e+12          0    61.589502356  3.9018301025e-06 2.4046631582e+11 8.3557522445e+36 2.0470849268e+39    83957.345956   4.0387205e+49               0 4.0230310662e+49               0 5.9948509589e+48               0
                0        0     2.10959e+12          0    61.589733739  2.6358112839e-06 2.4046686689e+11 5.6445867047e+36 2.0443890798e+39    83929.594848 4.033660382e+49               0 4.023060726e+49               0 5.9907331679e+48               0
                0        0     2.12013e+12          0    61.590777125  2.9714398052e-06 2.4046935186e+11 6.3633768229e+36 2.0451769468e+39    83937.246182 4.0351436067e+49               0 4.0231944732e+49               0 5.9919998462e+48               0
                0        0     2.13461e+12          0     61.59209202  2.7233940421e-06 2.4047248344e+11 5.8322321679e+36 2.0447328559e+39    83932.142752 4.0343149426e+49               0 4.0233630271e+49               0 5.9913935992e+48               0
                0        0     2.15832e+12          0    61.592464335  4.7124781575e-07 2.4047337014e+11 1.0091940817e+36 2.0399344676e+39    83882.703677 4.0253061392e+49               0 4.023410754e+49               0 5.9840540136e+48               0
                0        0      2.1649e+12          0    61.592577175  5.1416889961e-07 2.4047363888e+11 1.1011119073e+36 2.0400338562e+39    83883.678509 4.0254932301e+49               0 4.023425219e+49               0 5.984212961e+48               0
                0        0     2.17017e+12          0    61.592634923  3.2892090636e-07 2.4047377642e+11 7.0439666668e+35 2.0396409643e+39    83879.615423 4.0247555743e+49               0 4.0234326218e+49               0 5.9836130664e+48               0
                0        0     2.18202e+12          0    61.593232247  1.5120961926e-06  2.40475199e+11 3.2382239185e+36 2.0422143389e+39    83905.812043 4.0295905122e+49               0 4.0235091934e+49               0 5.9875960868e+48               0
                0        0     2.19387e+12          0    61.593928006  1.7612792314e-06 2.4047685601e+11 3.7718775353e+36 2.0427940574e+39    83911.476847 4.0306817633e+49               0 4.0235983843e+49               0 5.9885246768e+48               0
                0        0     2.22284e+12          0     61.59516797  1.284099181e-06 2.4047980907e+11 2.7499914803e+36 2.0418542684e+39    83901.309143 4.0289218336e+49               0 4.0237573405e+49               0 5.987153128e+48               0
                0        0     2.23864e+12          0    61.595844315  1.284099181e-06 2.4048141983e+11 2.7500032568e+36 2.0418990611e+39    83901.488292 4.0290085546e+49               0 4.0238440452e+49               0 5.9872600899e+48               0
                0        0     2.25576e+12          0    61.596446531  1.0554108339e-06 2.4048285403e+11 2.2602571048e+36 2.0414491883e+39    83896.616424 4.0281660763e+49               0 4.0239212478e+49               0 5.986603864e+48               0
                0        0     2.26497e+12          0    61.596788958  1.1145045133e-06 2.4048366954e+11 2.3868167024e+36 2.0415984205e+39    83898.007363 4.0284476365e+49               0 4.0239651463e+49               0 5.9868522104e+48               0
                0        0     2.28604e+12          0    61.597404822  8.7695353606e-07 2.4048513624e+11 1.8780861664e+36 2.0411304675e+39    83892.943573 4.0275712379e+49               0 4.0240440995e+49               0 5.9861689329e+48               0
                0        0     2.29789e+12          0    61.597770642  9.2605518398e-07 2.4048600744e+11 1.9832469876e+36 2.0412598502e+39    83894.121025 4.0278156183e+49               0 4.0240909976e+49               0 5.9863881637e+48               0
                0        0     2.31633e+12          0    61.598233283  7.5288351748e-07 2.4048710923e+11 1.6123859221e+36 2.0409196219e+39    83890.432858 4.0271784707e+49               0 4.0241503086e+49               0  5.98589217e+48               0
                0        0     2.32949e+12          0    61.598574721  7.7790033697e-07 2.4048792237e+11 1.6659658957e+36 2.0409958096e+39     83891.07393 4.027322863e+49               0 4.0241940815e+49               0 5.9860283965e+48               0
                0        0     2.34925e+12          0    61.598986592  6.2557995589e-07 2.4048890325e+11 1.3397572153e+36 2.0406968725e+39    83887.830881 4.0267630518e+49               0 4.0242468845e+49               0 5.9855928611e+48               0
                0        0     2.37031e+12          0    61.599445494  6.5344802851e-07 2.4048999612e+11 1.3994442219e+36 2.0407869453e+39    83888.565921 4.0269339741e+49               0 4.0243057171e+49               0 5.985757045e+48               0
                0        0     2.38612e+12          0    61.599719277  5.198018978e-07 2.4049064813e+11 1.1132255231e+36 2.0405188551e+39    83885.697042 4.0264315533e+49               0 4.0243408172e+49               0 5.9853610196e+48               0
                0        0     2.40982e+12          0    61.600129952  5.198018978e-07 2.4049162615e+11 1.1132284175e+36 2.0405460508e+39    83885.805973 4.0264842078e+49               0 4.0243934677e+49               0 5.9854259713e+48               0
                0        0     2.42957e+12          0    61.600396319  4.0457640974e-07 2.404922605e+11 8.6645839083e+35 2.0403169183e+39    83883.340364 4.026054914e+49               0 4.0244276173e+49               0 5.9850892955e+48               0
                0        0     2.44537e+12          0    61.600609412  4.0457640974e-07 2.4049276798e+11 8.6645955978e+35 2.0403310296e+39    83883.396899 4.0260822355e+49               0 4.0244549371e+49               0 5.9851229983e+48               0
                0        0     2.47171e+12          0    61.600901317  3.3252441266e-07 2.4049346314e+11 7.1215098494e+35 2.0401960498e+39    83881.888286 4.0258298585e+49               0 4.0244923612e+49               0 5.9849322805e+48               0
                0        0     2.49014e+12          0     61.60110565  3.3252441266e-07 2.4049394976e+11 7.1215190621e+35 2.0402095809e+39    83881.942504 4.0258560567e+49               0 4.0245185581e+49               0 5.984964598e+48               0
