                0        0           3e+07          0        0.070777         0.070777 3.5558365101e+12 1.1778968759e+37 1.5473217898e+37    6437.6317308 3.5932173165e+40               0 7.5098132321e+42               0 2.1142949099e+42               0
                0        0           6e+07          0        0.142801         0.072024  4.51942496e+12 1.9027864932e+37 2.4995592251e+37    6437.6317308 5.8045194929e+40               0 5.2173522791e+43               0 3.4154533215e+42               0
                0        0     1.66821e+08          0   0.39531444976        0.0709168 6.3131235853e+12 3.7128917081e+37 4.8773694546e+37    6437.6317308 1.1326311371e+41               0 7.1739982357e+44               0 6.6645461076e+42               0
                0        0     2.56821e+08          0   0.60806484976        0.0709168 7.2875244982e+12 4.9474766793e+37 6.4991584808e+37    6437.6317308 1.5092457787e+41               0 2.0510230725e+45               0 8.8805947056e+42               0
                0        0      3.1821e+08          0    0.7531818976        0.0709168 7.8264236436e+12 5.7062448822e+37 7.4958998744e+37    6437.6317308 1.7407107822e+41               0 3.4184267475e+45               0 1.0242564316e+43               0
                0        0     9.31821e+08          0    2.2036928498        0.0709168 1.1193874037e+13 1.1673054991e+38 1.5334086294e+38    6437.6317308 3.5609079357e+41               0 4.0153577264e+46               0 2.0952836581e+43               0
                0        0     1.66821e+09          0    3.9444378976        0.0709168 1.3591219788e+13 1.7208403138e+38 2.2605490929e+38    6437.6317308 5.2494860465e+41               0 1.4391484037e+47               0 3.0888645608e+43               0
                0        0     5.00232e+09          0    11.345095182        0.0665904 1.8927224803e+13 3.3373179248e+38 4.3840041095e+38    6437.6317308 1.0180609867e+42               0 1.3404090712e+48               0 5.9904007264e+43               0
                0        0     8.33718e+09          0    16.586339018        0.0471496 1.9146520809e+13 3.4151000895e+38 4.8111166692e+38    6551.1629068 1.6264289639e+42               0 2.9233026079e+48               0 8.8466821409e+43               0
                0        0     8.33718e+09          0    16.586339018        0.0260371 1.9146520809e+13 1.8858972831e+38 3.2819138628e+38    5953.7243232 1.2953902642e+41               0 2.9233025984e+48               0 1.1007783085e+43               0
                0        0     1.16721e+10          0    18.498976247        0.0172057  1.44969725e+13 1.8357243972e+38  3.99585099e+38    7187.2958917 8.7703038134e+42               0 3.6505073182e+48               0 3.2099447561e+44               0
                0        0     2.16767e+10          0     27.93215121        0.0282864 1.0226515654e+13 6.459800851e+38 1.7687892842e+39    12412.436561 8.6304605339e+46               0 8.3859269249e+48               0 5.2273625803e+47               0
                0        0     3.50163e+10          0     36.96163075        0.0203068 3.3081588562e+12 1.8970160858e+39 5.3396664724e+39    28766.512645 3.6351227421e+49               0 1.4672166063e+49               0 3.5342310125e+49               0
                0        0     4.16859e+10          0     40.63157815        0.0165075 2.3719408805e+12 2.3643180103e+39 7.3917150829e+39    36849.893367 8.856180235e+49               0 1.7707679166e+49               0 5.4772132936e+49               0
                0        0     4.66884e+10          0    42.607682375        0.0118507 1.9174952428e+12 2.201721455e+39 8.2808324203e+39    42165.107546 1.215996144e+50               0 1.9455837971e+49               0 5.9214295437e+49               0
                0        0     5.83605e+10          0    46.105732931        0.0089908 1.2545167329e+12 2.7627498422e+39 9.4677221594e+39    53904.498254 1.7412385806e+50               0 2.2744128883e+49               0 5.5282191858e+49               0
                0        0     6.50301e+10          0    49.048138131         0.013235 1.2244075697e+12 4.4328722932e+39 1.1565746829e+40    57363.055765 2.1969865868e+50               0 2.5700665698e+49               0 6.2660738503e+49               0
                0        0     6.83649e+10          0    51.125951967        0.0186921 1.292978151e+14 6.1797808074e+37 7.4968404989e+39    5008.7094063 3.239497601e+40               0 2.7892567256e+49               0 6.8891878116e+42               0
                0        0     7.00323e+10          0    52.593219503        0.0263992 1.311400548e+14 8.8521734796e+37 7.7369432743e+39    5012.7556336 3.421594321e+40               0 2.9492268281e+49               0 7.2426582223e+42               0
                0        0      8.0037e+10          0    58.410952553         0.017445 1.382030497e+14 6.1647062867e+37 8.5561182489e+39    5007.3995062 3.6695756409e+40               0 3.6254353727e+49               0 7.8155784593e+42               0
                0        0     8.50395e+10          0    62.634379878        0.0253279 1.4311227095e+14 9.2682949356e+37 9.2013502775e+39    5011.0220674 4.029051064e+40               0 4.1579883835e+49               0 8.5455039773e+42               0
                0        0     9.17091e+10          0    71.038631678        0.0378025 1.5241151361e+14 1.4732012799e+38 1.0478184178e+40    5016.0802956  4.72278458e+40               0 5.3208417385e+49               0 9.9588576206e+42               0
                0        0      9.8379e+10          0    76.222011065        0.0233139 1.5787402588e+14 9.4112953424e+37 1.1178775135e+40    5008.9312878 4.8366615126e+40               0 6.1058062478e+49               0 1.0283125935e+43               0
                0        0     1.03381e+11          0    78.619448807        0.0143783 1.603376373e+14 5.8947692561e+37 1.1492259655e+40    5004.7856131 4.855491421e+40               0 6.4862136692e+49               0 1.0372570047e+43               0
                0        0     1.06716e+11          0    79.918709119        0.0116882 1.6165707352e+14 4.8313236981e+37 1.1670571429e+40    5003.5418315 4.8957481413e+40               0 6.6969338179e+49               0 1.0473578039e+43               0
                0        0     1.15053e+11          0    83.752421987        0.0137948 1.6548901453e+14  5.83725099e+37 1.223815223e+40    5004.3334367 5.157229988e+40               0 7.3373326745e+49               0 1.1022905271e+43               0
                0        0     1.28393e+11          0    90.991813102        0.0162811 1.7249306602e+14 7.1809048941e+37 1.3304384461e+40    5005.1227931 5.6320029883e+40               0 8.6220751306e+49               0 1.202672201e+43               0
                0        0     1.31728e+11          0    92.483469142         0.013419 1.739011838e+14 5.9668686896e+37 1.350916967e+40    5003.8900206 5.6783717354e+40               0 8.8989795286e+49               0 1.2142984482e+43               0
                0        0     1.46735e+11          0    98.170984196        0.0113698 1.7916866378e+14 5.2088118388e+37 1.4328701666e+40    5002.9083124 5.9889924779e+40               0 9.9927588062e+49               0 1.282174465e+43               0
                0        0     1.55072e+11          0    101.74893649        0.0128745 1.8240444675e+14 6.0046760519e+37 1.4856987599e+40    5003.4186197 6.2280264132e+40               0 1.0711535032e+50               0 1.332564274e+43               0
                0        0     1.65076e+11          0    106.54395576        0.0143783 1.8665296405e+14 6.8622450256e+37 1.556288376e+40    5003.8805507 6.541263227e+40               0 1.1711765006e+50               0 1.3988398251e+43               0
                0        0     1.75081e+11          0    110.23238851        0.0110601 1.8985633422e+14 5.369179634e+37 1.6084347127e+40    5002.5354479 6.7084197748e+40               0 1.2509827862e+50               0 1.4368135124e+43               0
                0        0     1.86753e+11          0     113.4969754       0.00839096 3.4913676329e+11 2.280683977e+40 2.9730164849e+40    136020.19703 4.7440844936e+50               0 1.3237558255e+50               0 3.0612773288e+49               0
                0        0     1.96758e+11          0    115.42435085       0.00577941 3.5274153829e+11 1.5812083359e+40 2.297254511e+40    126874.93623 3.8248863276e+50               0 1.3675953447e+50               0 2.7862140791e+49               0
                0        0      2.0176e+11          0    116.10671519       0.00409214 3.5401212922e+11 1.1221590947e+40 1.8466965222e+40     119920.0146 3.1746976795e+50               0 1.3832778015e+50               0 2.5503794369e+49               0
                0        0      2.0843e+11          0    116.77812381       0.00302001 3.5525948075e+11 8.3002075408e+39 1.5629619539e+40    114819.62503 2.7495971738e+50               0 1.3987908512e+50               0 2.3815709138e+49               0
                0        0       2.151e+11          0    117.22182113       0.00199567 3.5608225273e+11 5.4930255377e+39 1.2878239399e+40    109267.45305 2.3216347149e+50               0 1.4090873947e+50               0 2.1907531051e+49               0
                0        0     2.20102e+11          0    117.48134527       0.00155646 3.5656293944e+11 4.2878089614e+39 1.1705760123e+40    106618.76935 2.1343090092e+50               0 1.4151264953e+50               0 2.1011111086e+49               0
                0        0     2.30107e+11          0    118.20437493       0.00216807 3.5789994499e+11 5.9870098563e+39 1.3496548376e+40    110274.91307 2.4224873075e+50               0 1.4320156071e+50               0 2.249974085e+49               0
                0        0     2.33441e+11          0    118.55914429       0.00319152 3.585548075e+11 8.8235191068e+39 1.6378202355e+40    115635.35664 2.8707764186e+50               0 1.4403371807e+50               0 2.4562536267e+49               0
                0        0     2.35109e+11          0    118.77735526       0.00392607 3.5895721971e+11 1.0862098849e+40 1.8444616843e+40    119055.07805 3.1833763682e+50               0 1.4454669041e+50               0 2.5896427273e+49               0
                0        0     2.38444e+11          0    119.41098394       0.00570015 3.601240906e+11 1.5803131014e+40 2.3466764063e+40    126237.70062 3.9187139865e+50               0 1.4604110797e+50               0 2.8796567573e+49               0
                0        0     2.40111e+11          0    119.88392365       0.00850764 3.6099346847e+11 2.3623022447e+40 3.1347480953e+40    135551.03896 5.0130906735e+50               0 1.4716126652e+50               0 3.2544217252e+49               0
                0        0     2.50116e+11          0    124.35889177         0.013419 2.0165495781e+14 6.9191515985e+37 1.815420771e+40     5003.129383 7.597586147e+40               0 1.5794988993e+50               0 1.6261411444e+43               0
                0        0      2.6012e+11          0    128.25678958        0.0116882 2.0479090476e+14 6.1204321581e+37 1.8713076204e+40    5002.4507907 7.8010089532e+40               0 1.6764782804e+50               0 1.6709881473e+43               0
                0        0      2.6679e+11          0    130.55172431        0.0103222 2.0661497187e+14 5.4532806296e+37 1.9040147866e+40    5001.9407836 7.9141336703e+40               0 1.7348481026e+50               0 1.6962175705e+43               0
                0        0     2.78462e+11          0    135.42432027        0.0125237 2.1043540713e+14 6.738686611e+37 1.9761604065e+40     5002.625611 8.2463909048e+40               0 1.861893876e+50               0 1.7660334039e+43               0
                0        0     2.88467e+11          0    140.63341126        0.0156204 2.1444441402e+14 8.5650652962e+37 2.0537405119e+40    5003.5804216 8.6172511051e+40               0 2.0023782088e+50               0 1.8434247971e+43               0
                0        0     2.96804e+11          0    146.04784842        0.0194827 2.1853352141e+14 1.0886568172e+38 2.1348020086e+40    5004.7481728 9.0176224233e+40               0 2.1534852484e+50               0 1.9264776543e+43               0
                0        0     3.01806e+11          0    148.83840843         0.016737 2.2061142047e+14 9.4412477983e+37 2.1739386862e+40    5003.7970675 9.1329417344e+40               0 2.2333795118e+50               0 1.9532546127e+43               0
                0        0     3.08475e+11          0    152.16990738        0.0149865 2.2306676573e+14 8.5478890761e+37 2.2214939841e+40    5003.1751996 9.2994603313e+40               0 2.3305504781e+50               0 1.9902947609e+43               0
                0        0     3.25152e+11          0    161.34642663        0.0165075 2.2969426825e+14 9.695166086e+37  2.35609171e+40    5003.5106644 9.8819218684e+40               0 2.6082309543e+50               0 2.1141365371e+43               0
                0        0     3.28485e+11          0    162.87902891        0.0137948 2.3078260328e+14 8.1403347725e+37 2.3768249006e+40    5002.6442948 9.9194027132e+40               0 2.6560344045e+50               0 2.1242770483e+43               0
                0        0      3.3849e+11          0    166.56757226        0.0110601 2.3338111492e+14 6.6000701758e+37 2.4289256465e+40    5001.7566819 1.0085277748e+41               0 2.7727532597e+50               0 2.1620130566e+43               0
                0        0     3.48495e+11          0    169.64996935       0.00924257 4.4615213424e+11 2.9385177139e+40 4.4853873649e+40    133355.32508 7.2466807735e+50               0 2.8724665609e+50               0 4.8403312588e+49               0
                0        0     3.55164e+11          0    171.46446643       0.00816238 4.4905691288e+11  2.60587938e+40 4.1860151793e+40    130647.57935 6.8486994929e+50               0 2.9317292058e+50               0 4.7409360874e+49               0
                0        0     3.60168e+11          0    173.04929995        0.0095014 4.5158423507e+11 3.0442718396e+40 4.6537527918e+40    133777.56981 7.5039408896e+50               0 2.9839551775e+50               0 4.9846206134e+49               0
                0        0     3.65169e+11          0    174.84279191        0.0107588 2.3910813314e+14 6.5778198079e+37 2.5492466054e+40    5001.5849446 1.0574428228e+41               0 3.0431590385e+50               0 2.2673231629e+43               0
                0        0     3.71838e+11          0    177.55098389        0.0121826 2.4095282581e+14 7.5057794371e+37 2.5895587177e+40    5001.9839028 1.0766298713e+41               0 3.1342117493e+50               0 2.3074005456e+43               0
                0        0      3.7851e+11          0    179.81514933        0.0101806 2.4248429804e+14 6.3122004928e+37 2.6212919911e+40    5001.3690298 1.0859793072e+41               0 3.2112995117e+50               0 2.3290902353e+43               0
                0        0     3.86847e+11          0    182.08347473       0.00816238 4.6582220895e+11 2.6676687752e+40 4.4495847152e+40    130248.17165 7.2934461091e+50               0 3.2899050392e+50               0 5.0757919402e+49               0
                0        0     3.98517e+11          0    185.62952871       0.00911582 4.713351987e+11 3.0017718704e+40 4.8537688408e+40    132329.50762 7.8793514666e+50               0 3.4138137137e+50               0 5.3342172505e+49               0
                0        0      4.1019e+11          0    189.75834663        0.0106112 2.490983932e+14 6.7586384651e+37 2.7663383701e+40    5001.4130512 1.1463607967e+41               0 3.560199785e+50               0 2.4584649579e+43               0
                0        0     4.18527e+11          0    192.15549535       0.00862594 4.8137483109e+11 2.8789930521e+40 4.8634960809e+40    131007.84835 7.9438074479e+50               0 3.647448564e+50               0 5.4727077566e+49               0
                0        0     4.25196e+11          0    194.41864273        0.0101806 2.5213865729e+14 6.5635167707e+37 2.8339160706e+40    5001.2537393 1.1732899856e+41               0 3.7295121407e+50               0 2.5166795775e+43               0
                0        0     4.38537e+11          0    198.25459825       0.00862594 4.9063820154e+11 2.9142922148e+40 5.0267726031e+40    130840.89041 8.2168694568e+50               0 3.8723363612e+50               0 5.6734119266e+49               0
                0        0     4.46874e+11          0    200.31392062        0.0074103 4.9374073102e+11 2.5136958019e+40 4.6702898895e+40    128052.58286 7.7336278144e+50               0 3.9496892198e+50               0 5.5437268988e+49               0
                0        0     4.58547e+11          0    202.75695112       0.00627867 4.9740526098e+11 2.1399212389e+40 4.3494397884e+40    125329.98986 7.2936724192e+50               0 4.0423830572e+50               0 5.4273725468e+49               0
                0        0     4.70217e+11          0    204.71516545       0.00503397 5.0033015174e+11 1.7221410454e+40 3.9745444816e+40    122178.66164 6.7624556877e+50               0 4.1174080133e+50               0 5.259580703e+49               0
                0        0     4.75221e+11          0    205.37003393       0.00392607 5.0130586001e+11 1.3447980976e+40 3.6116351225e+40    119172.60625 6.2300271155e+50               0 4.1426419536e+50               0 5.0594011589e+49               0
                0        0     4.83558e+11          0     206.2092947       0.00302001 5.0255452779e+11 1.036091669e+40 3.3214937656e+40    116558.41317 5.7977986383e+50               0 4.1750864931e+50               0 4.8928218783e+49               0
                0        0     4.93563e+11          0    207.24467213       0.00310458 5.040922541e+11 1.0671880652e+40 3.3755977981e+40    116851.56214 5.8844537004e+50               0 4.2152757176e+50               0 4.944398873e+49               0
                0        0     5.10237e+11          0    208.76853678       0.00274175 5.0635003525e+11 9.4516321058e+39 3.2876451032e+40    115823.76315 5.7577201704e+50               0 4.2747535658e+50               0 4.9124779146e+49               0
                0        0     5.21907e+11          0    209.58894167       0.00210901 5.075628977e+11 7.2815173634e+39 3.0890804666e+40    113897.51065 5.4567856231e+50               0 4.3069361124e+50               0 4.7928021969e+49               0
                0        0     5.31912e+11          0    210.08695389       0.00149329 5.0829824124e+11 5.1604715473e+39 2.8882089991e+40    111917.94101 5.1468645027e+50               0 4.326527017e+50               0 4.6597319219e+49               0
                0        0     5.36916e+11          0    210.26331653       0.00105733 5.0855848773e+11 3.6550886276e+39 2.7416551176e+40    110442.08911 4.9173966966e+50               0 4.3334747766e+50               0 4.5552775831e+49               0
                0        0     5.38584e+11          0    210.30853718      0.000813321 5.0862520309e+11 2.8118086734e+39 2.6583492922e+40    109586.21672 4.7857523702e+50               0 4.3352570719e+50               0 4.4932981205e+49               0
                0        0     5.46921e+11          0    210.47766184      0.000608581 5.0887466811e+11 2.1046424313e+39 2.5914575194e+40    108863.54399 4.6799228287e+50               0 4.3419258725e+50               0 4.4444199573e+49               0
                0        0     5.50254e+11          0    210.52172899      0.000396644 5.0893965592e+11 1.3718173124e+39 2.5191721164e+40     108089.4172 4.5645396771e+50               0 4.3436642836e+50               0 4.3885718371e+49               0
                0        0     5.50254e+11          0    210.52172899      0.000273195 5.0893965592e+11 9.4486146435e+38 2.4764765316e+40    107628.49544 4.4960291685e+50               0 4.3436642836e+50               0 4.3546994053e+49               0
                0        0      5.5359e+11          0    210.54098939      0.000173205 5.0896805842e+11 5.9906136305e+38 2.4423323926e+40     107252.5902 4.4411465121e+50               0 4.3444241919e+50               0 4.3275890212e+49               0
                0        0     5.60259e+11          0    210.60606215      0.000292725 5.0906401104e+11 1.0125653026e+39 2.4851557067e+40    107709.51357 4.5102262536e+50               0 4.3469920618e+50               0 4.3627814853e+49               0
                0        0     5.66928e+11          0    210.65213716      0.000207265 5.0913194364e+11 7.1701170944e+38 2.456643529e+40    107392.07249 4.4645192027e+50               0 4.3488106806e+50               0 4.3406195395e+49               0
                0        0     5.70264e+11          0    210.66736756      0.000136964 5.0915439793e+11 4.7382607211e+38 2.432669846e+40    107126.74376 4.4259429339e+50               0 4.3494119152e+50               0 4.3215191453e+49               0
                0        0     5.76933e+11          0    210.67665241      4.17672e-05 5.0916808635e+11 1.4449584186e+38 2.3999470836e+40    106763.22644 4.3731449921e+50               0 4.3497784626e+50               0 4.2950798582e+49               0
                0        0     5.81937e+11          0    210.69918459      0.000135085 5.0920130398e+11 4.6735320872e+38 2.4327431125e+40    107122.61611 4.4261538422e+50               0 4.3506680484e+50               0 4.3220123855e+49               0
                0        0     5.83605e+11          0    210.71761393      0.000331463 5.0922847206e+11 1.1468007612e+39 2.5011052825e+40     107864.4952 4.5361679762e+50               0 4.3513957148e+50               0 4.3770009525e+49               0
                0        0     5.83605e+11          0    210.71761393       0.00101442 5.0922847206e+11 3.5097058442e+39 2.7373957908e+40     110326.5203 4.9122308116e+50               0 4.3513957148e+50               0 4.5587291126e+49               0
                0        0     5.83605e+11          0    210.71761393       0.00219822 5.0922847206e+11 7.6054352051e+39 3.1469687269e+40    114240.11425 5.5505641114e+50               0 4.3513957148e+50               0 4.8499071037e+49               0
                0        0     5.88606e+11          0    211.43851475       0.00432454 5.1029048015e+11 1.4982052187e+40 3.9009870903e+40    120416.70966 6.6910833752e+50               0 4.3799045001e+50               0 5.336867204e+49               0
                0        0     5.98611e+11          0    213.26236955       0.00546883 5.129710384e+11 1.9009931919e+40 4.3454063254e+40     123385.1905 7.3525610751e+50               0 4.4524193895e+50               0 5.6218342689e+49               0
                0        0     6.06948e+11          0    214.62320139       0.00489684 5.1496526166e+11 1.7063943446e+40 4.1821027155e+40    121972.39963 7.1223430643e+50               0 4.506887458e+50               0 5.5557520423e+49               0
                0        0     6.13617e+11          0    215.47219176       0.00381912 5.1620691211e+11 1.3328935678e+40 3.8282271212e+40     119162.4372 6.6039513663e+50               0 4.541025602e+50               0 5.3638580745e+49               0
                0        0     6.16953e+11          0    215.78131331       0.00277987 5.1665852909e+11 9.7073227527e+39 3.4732306945e+40    116247.45856 6.0711597228e+50               0 4.5534853752e+50               0 5.1472653991e+49               0
                0        0     6.23622e+11          0    216.26327527       0.00216807 5.1736215751e+11 7.5775039419e+39 3.2714402923e+40    114443.01244 5.7648832701e+50               0 4.5729436745e+50               0 5.0217329976e+49               0
                0        0     6.33627e+11          0    216.82719375       0.00169091 5.181846604e+11 5.9158130754e+39 3.1183974688e+40    112990.63569 5.5308035164e+50               0 4.5957600542e+50               0 4.9254375563e+49               0
                0        0     6.38628e+11          0    217.04104318       0.00128284 5.1849635209e+11 4.489866313e+39 2.9807894794e+40    111689.36828 5.3171890516e+50               0 4.6044263749e+50               0 4.8309751783e+49               0
                0        0     6.43632e+11          0    217.21024844       0.00101442 5.1874288876e+11 3.5514909564e+39 2.8909010709e+40    110811.31033 5.1767314449e+50               0 4.6112888841e+50               0 4.7679449427e+49               0
                0        0     6.50301e+11          0    217.37667111       0.00074864 5.1898529807e+11 2.6217764629e+39 2.8018168072e+40    109921.91034 5.0366915242e+50               0 4.6180431999e+50               0 4.7039899434e+49               0
                0        0      6.5697e+11          0    217.60217668       0.00101442 5.1931365139e+11 3.5539887855e+39 2.9003099928e+40    110840.40299 5.1929195282e+50               0 4.627202787e+50               0 4.7806860765e+49               0
                0        0     6.58638e+11          0    217.67860166       0.00137455 5.1942490188e+11 4.816352544e+39 3.0283343005e+40    112031.83041 5.3938656328e+50               0 4.6303089424e+50               0 4.874778105e+49               0
                0        0     6.60306e+11          0     217.7942541       0.00208008 5.1959322613e+11 7.2900033774e+39 3.2784062206e+40    114257.78799 5.7819353199e+50               0 4.6350112806e+50               0 5.0507201502e+49               0
                0        0     6.61974e+11          0    217.96216666       0.00302001 5.1983754938e+11 1.0587333771e+40 3.6120717997e+40    117032.67487 6.2915364345e+50               0 4.6418424453e+50               0 5.2722902317e+49               0
                0        0     6.70311e+11          0    219.26777143       0.00469811 5.2173478784e+11 1.6508702538e+40 4.2348895531e+40    121559.10264 7.2259247278e+50               0 4.6951186034e+50               0 5.6698412578e+49               0
                0        0     6.75312e+11          0    219.81469746        0.0032809 5.2252824297e+11 1.1539970681e+40 3.7509232346e+40    117836.95741 6.5096625852e+50               0 4.7175207646e+50               0 5.3907518523e+49               0
                0        0     6.78648e+11          0    220.10319585       0.00259441 5.2294647297e+11 9.1300356597e+39 3.5167509386e+40    115906.72769 6.1566618951e+50               0 4.7293577745e+50               0 5.2463477405e+49               0
                0        0     6.80316e+11          0    220.20393137       0.00181179 5.2309245676e+11 6.3770412051e+39 3.2438353738e+40    113573.58473 5.7384184919e+50               0 4.7334941913e+50               0 5.0650544427e+49               0
                0        0     6.85317e+11          0     220.4362545       0.00139366 5.2342903524e+11 4.9073473898e+39 3.1023680188e+40    112278.41799 5.5197259448e+50               0 4.743040321e+50               0 4.9696037704e+49               0
                0        0     6.90321e+11          0     220.6150691       0.00107203 5.2368799896e+11 3.7760196435e+39 2.9934739987e+40    111252.40875 5.3500684445e+50               0 4.7503939139e+50               0 4.893886922e+49               0
                0        0     6.91986e+11          0    220.66020836       0.00081332 5.2375335781e+11 2.8649919733e+39 2.9034417896e+40    110399.40473 5.2085442585e+50               0 4.7522510678e+50               0 4.8282078394e+49               0
                0        0     7.01991e+11          0    220.87175475      0.000634322 5.240595944e+11 2.2352908132e+39 2.8454917914e+40    109812.26693 5.1176399643e+50               0 4.7609591918e+50               0 4.7878360977e+49               0
                0        0     7.06995e+11          0    221.03186757      0.000959909 5.2429129922e+11 3.3835847601e+39 2.964123954e+40    110914.83207 5.3054494862e+50               0 4.7675550515e+50               0 4.8786217327e+49               0
                0        0      7.0866e+11          0     221.1158979       0.00151406 5.2441287623e+11 5.3377036995e+39 3.1615327173e+40     112704.0721 5.614425371e+50               0 4.7710183949e+50               0 5.0219072453e+49               0
                0        0     7.15332e+11          0    221.70905204       0.00266706 5.2527055336e+11 9.4123465733e+39 3.5831141147e+40    116191.80368 6.2648036579e+50               0 4.7954989077e+50               0 5.3158462809e+49               0
                0        0     7.20333e+11          0    222.32835755       0.00371509 5.261650899e+11 1.3125230007e+40 3.9691823292e+40    119101.19206 6.8490174232e+50               0 4.8211212081e+50               0 5.5678643735e+49               0
                0        0     7.35339e+11          0    223.73818625       0.00281853 5.2819785678e+11 9.9823063544e+39 3.6886896096e+40     116713.6287 6.4342486946e+50               0 4.879687425e+50               0 5.4174313029e+49               0
                0        0     7.50348e+11          0    224.94957265       0.00242132 5.2994051183e+11 8.5935972253e+39 3.5790314884e+40     115645.7509 6.2730448062e+50               0 4.9302739459e+50               0 5.3664200499e+49               0
                0        0     7.65354e+11          0    225.90729558       0.00191468 5.3131566691e+11 6.8067310216e+39 3.4235521739e+40    114220.69216 6.0389197996e+50               0 4.9704401904e+50               0 5.2781690468e+49               0
                0        0      7.8036e+11          0    226.70763559       0.00160004 5.3246309925e+11 5.6960294452e+39 3.331951281e+40    113326.57506 5.9007672397e+50               0 5.0041226708e+50               0 5.228000536e+49               0
                0        0     7.88697e+11          0    227.26994401       0.00202342 5.332683255e+11 7.2101949694e+39 3.4970878659e+40    114618.73281 6.1576816182e+50               0 5.0278510983e+50               0 5.3496767008e+49               0
                0        0     8.05374e+11          0    228.19702956       0.00166772 5.3459421852e+11 5.9521466129e+39 3.3939776468e+40    113623.18961 6.0026999542e+50               0 5.0670869609e+50               0 5.2943244812e+49               0
                0        0     8.17044e+11          0    228.69605432       0.00128284 5.3530704062e+11 4.5823996528e+39 3.2692570905e+40    112489.67235 5.8112326523e+50               0 5.0882655309e+50               0 5.215083707e+49               0
                0        0     8.22048e+11          0    228.86293939       0.00100051 5.3554528892e+11 3.5749128246e+39 3.1726124395e+40     111624.1115 5.6609898525e+50               0 5.0953573265e+50               0 5.1485357115e+49               0
                0        0     8.28717e+11          0    229.03402369       0.00076961 5.3578946181e+11 2.7506877382e+39 3.0944003379e+40    110904.43208 5.5388815512e+50               0 5.1026323587e+50               0 5.0940992093e+49               0
                0        0     8.37054e+11          0    229.18545918      0.000544928 5.3600553242e+11 1.9481467373e+39 3.0178757099e+40     110190.0962 5.4187674686e+50               0 5.109075908e+50               0 5.0395726205e+49               0
                0        0      8.4039e+11          0    229.26756715      0.000738381 5.3612266211e+11 2.6401203457e+39 3.0890962124e+40    110822.42192 5.5313704677e+50               0 5.1125711735e+50               0 5.0936970291e+49               0
                0        0     8.55396e+11          0     229.7346339       0.00093376 5.3678863712e+11 3.3413593013e+39 3.1707424263e+40    111478.32763 5.6612768381e+50               0 5.1324750432e+50               0 5.160438143e+49               0
                0        0     8.60397e+11          0    229.93980492       0.00123078 5.3708101674e+11 4.4057468614e+39 3.2822500684e+40    112415.15828 5.8362484139e+50               0 5.1412297468e+50               0 5.243536204e+49               0
                0        0     8.73738e+11          0    230.53441774       0.00133711 5.3792779745e+11 4.7911931202e+39 3.3355105573e+40    112779.57336 5.9214068393e+50               0 5.1666414019e+50               0 5.2903626233e+49               0
                0        0     8.85411e+11          0    230.98757917       0.00116464 5.3857256717e+11 4.1763881511e+39 3.285270712e+40    112285.20528 5.8449709648e+50               0 5.1860472152e+50               0 5.2618834712e+49               0
                0        0     8.93748e+11          0    231.23654061      0.000895867 5.3892658593e+11 3.2139206372e+39 3.1952088343e+40    111470.99273 5.7051446645e+50               0 5.1967229973e+50               0 5.2010164441e+49               0
                0        0     9.02085e+11          0      231.436147      0.000718267 5.3921031534e+11 2.5776483313e+39 3.1365451774e+40    110926.58728 5.6137754771e+50               0 5.2052897788e+50               0 5.1611975409e+49               0
                0        0     9.07086e+11          0    231.52451201      0.000530084 5.3933589081e+11 1.9025983037e+39 3.0712388977e+40    110331.77368 5.5111829678e+50               0 5.2090843654e+50               0 5.1141578846e+49               0
                0        0     9.13755e+11          0    231.61028402      0.000385839 5.394577635e+11 1.3850685524e+39 3.0216209288e+40    109871.01388 5.4330237319e+50               0 5.2127688385e+50               0 5.0782023795e+49               0
                0        0     9.18759e+11          0    231.65844084       0.00028871 5.395261814e+11 1.0364830047e+39 2.9879614232e+40    109556.80169 5.3798295887e+50               0 5.214838025e+50               0 5.0534137805e+49               0
                0        0      9.2376e+11          0    231.69251799      0.000204422 5.395745925e+11 7.3392706744e+38 2.9585544616e+40    109281.33891 5.3332370823e+50               0 5.2163024722e+50               0 5.0314730147e+49               0
                0        0     9.40434e+11          0    231.79285712      0.000180531 5.3971712142e+11 6.4826174671e+38 2.9524874259e+40    109210.84753 5.3239223168e+50               0 5.2206156079e+50               0 5.0282842706e+49               0
                0        0     9.47106e+11          0    231.84433716      0.000231475 5.3979023803e+11 8.3126656575e+38 2.9720707206e+40     109384.0836 5.3552217127e+50               0 5.2228291536e+50               0 5.0440224096e+49               0
                0        0     9.55443e+11          0    231.92796339      0.000300922 5.3990899806e+11 1.080814699e+39 2.9991099934e+40    109619.96946 5.3984246137e+50               0 5.2264258594e+50               0 5.0658356545e+49               0
                0        0      9.6378e+11          0    232.03972337      0.000402159 5.400676856e+11  1.44469674e+39  3.03828509e+40    109960.04156 5.4608744241e+50               0 5.2312343842e+50               0 5.0970990698e+49               0
                0        0     9.65448e+11          0    232.06960587      0.000537455 5.4011011058e+11 1.9308245806e+39 3.0876432637e+40    110399.59668 5.538982457e+50               0 5.2325204424e+50               0 5.1345014792e+49               0
                0        0     9.80454e+11          0    232.43894405      0.000738381 5.4063429412e+11 2.654303439e+39 3.1692118531e+40    111067.72682 5.6687396041e+50               0 5.2484279017e+50               0 5.2002931394e+49               0
                0        0     9.93792e+11          0    232.73698032      0.000670347 5.4105704559e+11 2.410941999e+39 3.1523270169e+40    110876.15288 5.6432664043e+50               0 5.2612808162e+50               0 5.1923890075e+49               0
                0        0      1.0088e+12          0    233.17297326      0.000871463 5.4167510242e+11 3.1365559812e+39 3.2358060255e+40    111539.33317 5.7758987883e+50               0 5.280109605e+50               0 5.2599445398e+49               0
                0        0     1.02714e+12          0    233.77629667       0.00098679 5.4252962148e+11 3.5552202675e+39 3.2928138538e+40    111939.13033 5.8673336587e+50               0 5.3062165302e+50               0 5.3102734085e+49               0
                0        0     1.03881e+12          0    234.20499801       0.00110206 5.431362914e+11 3.9733546429e+39  3.34541004e+40    112320.69672 5.9510355046e+50               0 5.324803775e+50               0 5.3544412102e+49               0
                0        0     1.06216e+12          0    234.96238116       0.00097325 5.442070328e+11 3.5133656524e+39 3.318509216e+40    111983.88832 5.9119539473e+50               0 5.3577158756e+50               0 5.3469615921e+49               0
                0        0      1.0755e+12          0    235.34451975      0.000859511 5.4474676571e+11 3.1047427556e+39 3.2873062873e+40      111664.358 5.8646042527e+50               0 5.3743576568e+50               0 5.3303963448e+49               0
                0        0      1.0855e+12          0    235.57118903      0.000679668 5.4506675211e+11 2.4560322158e+39 3.2281721955e+40     111126.1295 5.7727247953e+50               0 5.3842402804e+50               0 5.2908774205e+49               0
                0        0     1.09384e+12          0    235.71252118      0.000508572 5.4526620832e+11 1.8381936813e+39 3.1699682311e+40    110601.57115 5.6816592154e+50               0 5.3904065556e+50               0 5.2501560905e+49               0
                0        0     1.09718e+12          0    235.75368531      0.000370181 5.4532429277e+11 1.3380813691e+39 3.1210000751e+40     110166.0767 5.6045189622e+50               0 5.3922031526e+50               0 5.2142886416e+49               0
                0        0     1.09884e+12          0    235.76846118      0.000265753 5.4534514122e+11 9.6063231205e+38 3.0836296258e+40    109832.70743 5.5454406988e+50               0 5.3928481094e+50               0 5.1864000575e+49               0
                0        0     1.10718e+12          0    235.82606012      0.000207265 5.4542640732e+11 7.4928382802e+38 3.0639546986e+40    109648.92179 5.5144534918e+50               0 5.395362609e+50               0 5.1723568436e+49               0
                0        0     1.11218e+12          0    235.87622382      0.000300922 5.4549717675e+11 1.0879535478e+39 3.0990934262e+40    109954.82067 5.5702949081e+50               0 5.3975529665e+50               0   5.1996569e+49               0
                0        0     1.11552e+12          0     235.9282801      0.000468132 5.4557060998e+11 1.6926303276e+39 3.1608811267e+40    110491.38525 5.6680963736e+50               0 5.3998264011e+50               0 5.246649401e+49               0
                0        0     1.12052e+12          0    236.06200134      0.000802167 5.4575921498e+11 2.9010455851e+39 3.285114838e+40    111542.13713 5.8638425806e+50               0 5.4056684081e+50               0 5.3398004392e+49               0
                0        0     1.12385e+12          0    236.23036481       0.00151406 5.4599662132e+11 5.4771370147e+39 3.5469976899e+40    113676.87069 6.2718391629e+50               0 5.4130280581e+50               0 5.5271856735e+49               0
                0        0     1.13719e+12          0    237.24903233        0.0022912 5.4743162137e+11 8.3023745923e+39 3.8554441154e+40    115919.23972 6.7492214498e+50               0 5.4576566377e+50               0 5.750217857e+49               0
                0        0     1.15053e+12          0    238.62963905       0.00310458 5.4937265688e+11 1.1275218158e+40 4.1880396635e+40    118132.94679 7.2585253411e+50               0 5.5184150283e+50               0 5.9848294432e+49               0
                0        0     1.16721e+12          0    241.03321839       0.00432454 5.5274150219e+11 1.5767378664e+40 4.6992198931e+40     121212.4601 8.0309483817e+50               0 5.6249417566e+50               0 6.3327994108e+49               0
                0        0     1.18388e+12          0    243.94943985       0.00524689 5.5681132403e+11 1.9220225536e+40 5.1205184529e+40     123388.9633 8.6639241528e+50               0 5.7554644418e+50               0 6.6241626133e+49               0
                0        0     1.20222e+12          0    246.74361733       0.00457013 5.6069306091e+11 1.6815665276e+40 4.9537526802e+40    121947.48567 8.4374683814e+50               0 5.8818346813e+50               0 6.5839429526e+49               0
                0        0     1.21556e+12          0    248.46559801       0.00387223 5.6307674033e+11 1.4286458279e+40 4.7466633823e+40    120396.86419 8.1423495483e+50               0 5.9603509918e+50               0 6.4962663304e+49               0
                0        0     1.22723e+12          0    249.69007276       0.00314775 5.6476782125e+11 1.1635801892e+40 4.5143816771e+40    118717.96885 7.8033731658e+50               0 6.0164782174e+50               0 6.3792318569e+49               0
                0        0     1.24058e+12          0    250.76683377       0.00242132 5.6625222893e+11 8.9655536803e+39 4.2763190963e+40    116967.28917 7.4507274969e+50               0 6.0660373307e+50               0 6.2497346288e+49               0
                0        0     1.24558e+12          0    251.05660171       0.00173826 5.6665127421e+11 6.4392497041e+39 4.0315040305e+40    115215.44478 7.0797545401e+50               0 6.0794066061e+50               0 6.0957397546e+49               0
                0        0     1.25558e+12          0    251.51501413       0.00137455 5.6728219656e+11 5.0955381489e+39 3.9095151511e+40    114270.20569 6.8946037448e+50               0 6.1005848203e+50               0 6.0215422917e+49               0
                0        0     1.27226e+12          0    252.41668291       0.00162229 5.6852187459e+11 6.0223240579e+39 4.0266148216e+40    114990.85238 7.0782847089e+50               0 6.1423412876e+50               0 6.1150871892e+49               0
                0        0     1.27892e+12          0    252.92601667        0.0022912 5.6922137933e+11 8.5121654349e+39 4.2894325399e+40    116751.16418 7.4808688059e+50               0 6.165987359e+50               0 6.2951458938e+49               0
                0        0     1.28059e+12          0    253.13544797       0.00376675 5.6950884701e+11 1.3998581883e+40 4.8437704604e+40    120322.68429 8.3117417395e+50               0 6.1757226061e+50               0 6.6385044743e+49               0
                0        0     1.28393e+12          0    253.81461643       0.00610763 5.7044044352e+11 2.2721855463e+40 5.7346028077e+40    125407.22049 9.613052311e+50               0 6.2073424934e+50               0 7.145618883e+49               0
                0        0     1.30561e+12          0    257.60601914       0.00524689 5.7562325314e+11 1.963289709e+40 5.5299205497e+40    123712.16838 9.3427180055e+50               0 6.3852408557e+50               0 7.1107772667e+49               0
                0        0     1.31728e+12          0     259.3353731       0.00444564 5.7797737489e+11 1.6678230257e+40 5.2825014276e+40    122055.21714 8.9929622215e+50               0 6.4671628301e+50               0 7.0066633038e+49               0
                0        0     1.32394e+12          0    260.45442464       0.00503397 5.7949744684e+11 1.8917144871e+40 5.5376554092e+40    123341.03244 9.3717878834e+50               0 6.5204333552e+50               0 7.1702076409e+49               0
                0        0     1.33062e+12          0    262.24484249       0.00805044 5.8192418725e+11 3.0333667262e+40 6.7296058478e+40     129230.8092 1.1082937677e+51               0 6.6060867673e+50               0 7.8190374891e+49               0
                0        0     1.34896e+12          0    266.96713713       0.00772374 5.8829400979e+11 2.9305948216e+40 6.7611502972e+40     128679.6276 1.1163409013e+51               0 6.8344986329e+50               0 7.9346002212e+49               0
                0        0     1.35563e+12          0    269.32600689        0.0106112 2.9676291501e+14 8.0518915706e+37 3.9247522793e+40    5000.9223285 1.621822561e+41               0 6.9475692707e+50               0 3.4801026453e+43               0
                0        0      1.3623e+12          0    273.09839343        0.0169698 2.9883403227e+14 1.2966732996e+38 3.9845274293e+40    5002.4302135 1.6608525352e+41               0 7.1339484087e+50               0 3.5576562063e+43               0
                0        0     1.37063e+12          0    280.04047438        0.0249805 3.0260833405e+14 1.932884043e+38 4.0918454431e+40     5004.275651 1.723756097e+41               0 7.4829185529e+50               0 3.6845489072e+43               0
                0        0     1.38398e+12          0    288.23883017        0.0184357 3.0700590267e+14 1.4472053096e+38 4.2062140647e+40    5002.6640714 1.7556140196e+41               0 7.904984842e+50               0 3.7596270511e+43               0
                0        0     1.39398e+12          0    295.01114797        0.0203068 3.1059159291e+14 1.6127051652e+38 4.3063561721e+40    5003.0460423 1.8013595776e+41               0 8.2617559414e+50               0 3.8558911783e+43               0
                0        0     1.39398e+12          0    295.01114797        0.0145782 3.1059159291e+14 1.1577569306e+38 4.3018066897e+40     5001.724142 1.785843211e+41               0 8.2617465046e+50               0 3.8285126478e+43               0
                0        0     1.39731e+12          0    296.19005229        0.0106112 3.112115571e+14 8.4439179779e+37 4.3158173724e+40    5000.8032419 1.7822016658e+41               0 8.3245925673e+50               0 3.8247695346e+43               0
                0        0     1.39731e+12          0    296.19005229        0.0062786 3.112115571e+14 4.9962288352e+37 4.3123696832e+40    4999.8042202 1.7705782144e+41               0 8.3245852999e+50               0 3.8042107094e+43               0
                0        0     1.40732e+12          0    298.73059192       0.00761781 6.3005111187e+11 3.0199434282e+40 7.8162346704e+40    128932.78607 1.2890317929e+51               0 8.4643516428e+50               0 9.1307564843e+49               0
                0        0     1.40899e+12          0    299.43659516        0.0126979 3.1291250566e+14 1.015964685e+38 4.3647462757e+40    5001.2682785 1.8072310264e+41               0 8.4988276286e+50               0 3.8764032248e+43               0
                0        0     1.41566e+12          0    305.63840948        0.0278984 3.1613635948e+14 2.255160904e+38 4.4673287428e+40    5004.6834731 1.8863448657e+41               0 8.8363439975e+50               0 4.0301890093e+43               0
                0        0     1.42232e+12          0    308.20106165        0.0115279 3.1745892954e+14 9.3575366619e+37 4.4914022959e+40    5000.9622515 1.8564049116e+41               0 8.9775489348e+50               0 3.9832852491e+43               0
                0        0     1.42733e+12          0    309.40342778       0.00720843 6.4368811341e+11 2.8970438635e+40 8.0421743018e+40    128471.70465 1.3291337252e+51               0 9.0482462118e+50               0 9.4736794448e+49               0
                0        0     1.43066e+12          0    309.83363253       0.00387223 6.4423391867e+11 1.5570798031e+40 6.7165281073e+40    122762.65626 1.1397163754e+51               0 9.0721616737e+50               0 8.791226884e+49               0
                0        0       1.439e+12          0    311.86544279       0.00730867 6.4680771383e+11 2.9464235053e+40 8.1737623894e+40    128682.58242 1.3495603217e+51               0 9.1855085352e+50               0 9.5918673603e+49               0
                0        0     1.44067e+12          0    312.48781424        0.0112139 3.1965906546e+14 9.1657391571e+37 4.5535510265e+40    5000.8738593 1.8811364244e+41               0 9.2161273049e+50               0 4.0367635428e+43               0
                0        0     1.45734e+12          0    321.66268274        0.0165075 3.2431782751e+14 1.3689132194e+38 4.6915008622e+40    5002.0082076 1.9508016359e+41               0 9.7365157501e+50               0 4.1807817428e+43               0
                0        0     1.46901e+12          0    326.53565441        0.0125237 3.2676519103e+14 1.0463867501e+38 4.7591412753e+40    5001.1066592 1.9687013473e+41               0 1.0018279162e+51               0 4.2235353792e+43               0
                0        0     1.48069e+12          0    329.62510841          0.00794 6.6903300011e+11 3.2708302233e+40 9.1104788875e+40     130005.9989 1.4950065478e+51               0 1.0204041756e+51               0 1.0438091203e+50               0
                0        0     1.48569e+12          0    330.65740816       0.00619256 6.7031031506e+11 2.5540966753e+40 8.4303791226e+40    127387.16899 1.4003160863e+51               0 1.0264773997e+51               0 1.012930385e+50               0
                0        0     1.49402e+12          0    331.84271558       0.00426523 6.7177503739e+11 1.7616338067e+40 7.6801211771e+40    124317.40846 1.2939303952e+51               0 1.0334714529e+51               0 9.765042437e+49               0
                0        0     1.49736e+12          0    332.17854069       0.00302001 6.7218965611e+11 1.2478227022e+40 7.1782951625e+40    122197.20612 1.2212410935e+51               0 1.035457043e+51               0 9.4958473352e+49               0
                0        0      1.5007e+12          0    332.38001174       0.00181179 6.7243831923e+11 7.4878141595e+39 6.686449891e+40    120025.77879 1.1489280611e+51               0 1.0366491052e+51               0 9.2157667902e+49               0
                0        0     1.50903e+12          0     333.3173073       0.00337278 6.7359439256e+11 1.3954432184e+40 7.3666467865e+40    122862.71021 1.2494590445e+51               0 1.0422032674e+51               0 9.624110727e+49               0
                0        0      1.5107e+12          0    333.62082737       0.00546883 6.7396848656e+11 2.2634595733e+40 8.2455428962e+40    126338.83845 1.3762787015e+51               0 1.0440048022e+51               0 1.0099480372e+50               0
                0        0     1.51904e+12          0    335.98595129       0.00850764 6.7687901167e+11 3.5308878944e+40 9.5980889192e+40    130946.08825 1.5681571249e+51               0 1.0580924453e+51               0 1.081234082e+50               0
                0        0     1.52904e+12          0    339.88279717        0.0116882 3.3337657016e+14 9.9633754884e+37 4.9527429416e+40      5000.87237 2.0460307422e+41               0 1.0809115888e+51               0 4.3906206918e+43               0
                0        0     1.53404e+12          0    342.31444093        0.0145782 3.3456699271e+14 1.2471272997e+38 4.9906132616e+40    5001.4829625 2.068923501e+41               0 1.0956199953e+51               0 4.4366184826e+43               0
                0        0     1.53404e+12          0    342.31444093        0.0205891 3.3456699271e+14 1.7613442459e+38 4.9957554311e+40    5002.7708073 2.0864361476e+41               0 1.0956215676e+51               0 4.4675286416e+43               0
                0        0     1.53905e+12          0    346.47869028        0.0249805 3.3659584202e+14 2.1499762525e+38 5.0602007637e+40    5003.6788136 2.1243999256e+41               0 1.1210240208e+51               0 4.5440559953e+43               0
                0        0     1.54738e+12          0    357.13009706        0.0383282 3.4173047339e+14 3.3490830835e+38 5.2270909803e+40    5006.3939584 2.2289232443e+41               0 1.187226203e+51               0 4.7527325723e+43               0
                0        0     1.55405e+12          0    363.50846234        0.0286797 3.4476863154e+14 2.5282856431e+38 5.3116410208e+40    5004.3210917 2.2381984464e+41               0 1.2277062425e+51               0 4.7839248318e+43               0
                0        0     1.55906e+12          0    367.03678453        0.0211657 3.4643780483e+14 1.8749155181e+38 5.3564182978e+40    5002.7389708 2.2366549835e+41               0 1.2503677268e+51               0 4.7893568277e+43               0
                0        0     1.57073e+12          0    377.89205197        0.0278984 3.5152349792e+14 2.5075953005e+38 5.5206089079e+40    5004.0475273 2.3226022942e+41               0 1.3213003114e+51               0 4.9658956956e+43               0
                0        0      1.5724e+12          0    379.13570165        0.0223678 3.5210145793e+14 2.0137932626e+38 5.5337567874e+40    5002.9131797 2.3130186568e+41               0 1.3295402187e+51               0 4.9518793316e+43               0
                0        0      1.5824e+12          0    384.41595749        0.0158376 3.5454485379e+14 1.4357682503e+38 5.6047651858e+40     5001.561618 2.3245786717e+41               0 1.3647949329e+51               0 4.9843952376e+43               0
                0        0      1.5924e+12          0    391.18827529        0.0203068 3.5765425575e+14 1.8570717262e+38 5.7074653294e+40    5002.4295709 2.3790081607e+41               0 1.410641068e+51               0 5.0959969314e+43               0
                0        0     1.59574e+12          0    394.55856937        0.0303084 3.5919164188e+14 2.7836397018e+38 5.7657438479e+40    5004.4065731 2.4307388918e+41               0 1.4337209693e+51               0 5.1949487298e+43               0
                0        0     1.60908e+12          0    406.13466403        0.0260371 3.6442277561e+14 2.4261738194e+38 5.9305157033e+40    5003.4806001 2.4869480412e+41               0 1.5142967161e+51               0 5.3207565274e+43               0
                0        0     1.61241e+12          0    408.15660251        0.0181829 3.6532878744e+14 1.6985206647e+38 5.9526434143e+40    5001.9273565 2.474055433e+41               0 1.528576181e+51               0 5.3026667198e+43               0
                0        0     1.61908e+12          0    413.26819094        0.0229941 3.6760928473e+14 2.1613578459e+38 6.031607572e+40     5002.843236 2.5200994421e+41               0 1.5649628806e+51               0 5.3956483477e+43               0
                0        0     1.62242e+12          0    416.87942206        0.0324751 3.6921191793e+14 3.0658436114e+38 6.0931691193e+40    5004.6627094  2.57255495e+41               0 1.5909107274e+51               0 5.4964132184e+43               0
                0        0     1.62742e+12          0     425.3011394        0.0505202 3.7292264462e+14 4.8173434022e+38 6.2331577838e+40    5008.0598852 2.6834350375e+41               0 1.6521876543e+51               0 5.7109209899e+43               0
                0        0     1.63409e+12          0     433.3672538        0.0362685 3.764423954e+14 3.491016584e+38 6.3371967909e+40    5005.2629189 2.6848156715e+41               0 1.7118635422e+51               0 5.7322976251e+43               0
                0        0     1.63576e+12          0     434.8943807        0.0275158 3.7710507785e+14 2.6531897681e+38 6.3510269184e+40    5003.5893465 2.664951977e+41               0 1.7232685387e+51               0 5.7008759905e+43               0
                0        0     1.63909e+12          0    437.09098102        0.0197536  3.78056235e+14 1.9095298406e+38 6.3755345989e+40    5002.1050737 2.6525258418e+41               0 1.7397371771e+51               0 5.6840182351e+43               0
                0        0     1.64409e+12          0    441.08622991        0.0239667 3.7978012427e+14 2.3273637266e+38 6.4378142443e+40    5002.8831019 2.6904348761e+41               0 1.7698863452e+51               0 5.760079405e+43               0
                0        0     1.65243e+12          0    449.62914211        0.0307299 3.8344025795e+14 3.0128856191e+38 6.5689056182e+40    5004.1032553 2.7645205906e+41               0 1.8351542694e+51               0 5.9103699405e+43               0
                0        0     1.65577e+12          0     454.1292365        0.0405049 3.8535430357e+14 3.9910904207e+38 6.6441307389e+40    5005.8899367 2.8249951924e+41               0 1.869977474e+51               0 6.027235599e+43               0
                0        0      1.6641e+12          0    463.15406679        0.0324751 3.8916450591e+14 3.2315249218e+38 6.7677795809e+40    5004.3399123 2.8520884965e+41               0 1.9407073672e+51               0 6.0959210036e+43               0
                0        0     1.66577e+12          0    464.66296739        0.0271385 3.8979791616e+14 2.704887096e+38 6.7844565405e+40    5003.3498438 2.8429107897e+41               0 1.9526485711e+51               0 6.0832463136e+43               0
                0        0     1.67244e+12          0    469.91771702        0.0236381 3.9199578023e+14 2.369287411e+38 6.8575182656e+40    5002.6821248 2.862527572e+41               0 1.9945073604e+51               0 6.1299419027e+43               0
                0        0     1.68244e+12          0    478.48199702          0.02568 3.9555172545e+14 2.5972998595e+38 6.9843452884e+40     5003.013154 2.9210173509e+41               0 2.0636118874e+51               0 6.2528062019e+43               0
                0        0     1.68578e+12          0     480.8033415        0.0208754 3.9651006959e+14 2.1164734076e+38 7.0132954081e+40    5002.1335612 2.9183423044e+41               0 2.0825257433e+51               0 6.253422805e+43               0
                0        0     1.68745e+12          0    481.70857066        0.0162811 3.9688315735e+14 1.6522288535e+38 7.0218173482e+40     5001.300027 2.9079266371e+41               0 2.0899209415e+51               0  6.23710136e+43               0
                0        0     1.69912e+12          0    489.28734096        0.0194827 3.9999307462e+14 1.9926242194e+38 7.1354363268e+40    5001.8510953 2.9643521123e+41               0 2.1523398817e+51               0 6.3540834847e+43               0
                0        0     1.70912e+12          0    495.96677901        0.0200283 4.0271404476e+14 2.0623608381e+38 7.2332700888e+40    5001.9246304 3.006266225e+41               0 2.208051895e+51               0 6.443379482e+43               0
                0        0     1.71746e+12          0    500.95049866        0.0179335 4.0473232229e+14 1.8559092459e+38 7.3036818142e+40    5001.5357537 3.028754828e+41               0 2.2500455167e+51               0 6.4944938206e+43               0
                0        0     1.72246e+12          0    506.14751962        0.0311572 4.0682631674e+14 3.2410911887e+38 7.3931118307e+40    5003.8485952 3.1068418821e+41               0 2.2942375253e+51               0 6.6441819475e+43               0
                0        0     1.72913e+12          0    509.97234673        0.0172057 4.0836056483e+14 1.7965525764e+38 7.4342893753e+40    5001.3797169 3.0801529733e+41               0 2.3269942647e+51               0 6.6058954061e+43               0
                0        0     1.73414e+12          0    511.74123377        0.0106112 4.0906817027e+14 1.1099003229e+38 7.4531470694e+40    5000.2180054 3.067412704e+41               0 2.3422155296e+51               0 6.5874012402e+43               0
                0        0     1.74414e+12          0    514.61798476       0.00862594 8.7793222659e+11 4.2276123268e+40 1.8461255275e+41    135405.61446 2.954322812e+51               0 2.3697965687e+51               0 1.9214958951e+50               0
                0        0     1.75581e+12          0     517.2720592       0.00682106 8.8069142559e+11 3.3497459902e+40 1.7730583807e+41    133835.31821 2.8581989479e+51               0 2.392891909e+51               0 1.8971794093e+50               0
                0        0     1.76081e+12          0    518.18371316       0.00546883 8.8163791432e+11 2.6875260194e+40 1.7119098844e+41    132594.94167 2.7755953056e+51               0 2.4008488657e+51               0 1.8724922997e+50               0
                0        0     1.76582e+12          0    518.87577303       0.00414904 8.823559846e+11 2.0400082956e+40 1.6510155014e+41      131346.266 2.6924527571e+51               0 2.4068973472e+51               0 1.8465898431e+50               0
                0        0     1.77082e+12          0    519.40050296       0.00314775 8.8290018706e+11 1.5483022451e+40 1.6047730571e+41    130376.54339 2.6288626549e+51               0 2.4114880831e+51               0 1.826392564e+50               0
                0        0     1.77582e+12          0    520.20609358       0.00482968 8.8373525576e+11 2.3770393141e+40 1.6921479771e+41    132053.63342 2.7504699229e+51               0 2.4185438702e+51               0 1.8688143221e+50               0
                0        0     1.77582e+12          0    520.20609358       0.00627867 8.8373525576e+11 3.0901934352e+40 1.7634633892e+41     133423.5164 2.8481827798e+51               0 2.4185438702e+51               0 1.9007142128e+50               0
                0        0     1.78916e+12          0    524.04118651       0.00862594 8.8770378708e+11 4.2576360605e+40 1.9017317711e+41    135661.03939 3.0396945169e+51               0 2.4522642363e+51               0 1.9705325561e+50               0
                0        0     1.80083e+12          0    526.62295839       0.00663524 8.9036901207e+11 3.2813393142e+40 1.8186811029e+41    133954.09087 2.9301240201e+51               0 2.4750861612e+51               0 1.9419154587e+50               0
                0        0     1.80917e+12          0    528.06107422       0.00517494 8.9185140356e+11 2.5618973676e+40 1.7548888747e+41     132653.2871 2.8445070236e+51               0 2.4878409426e+51               0 1.9175115358e+50               0
                0        0     1.82751e+12          0    530.42855564       0.00387223 8.9428834839e+11 1.9203271545e+40 1.7042003566e+41    131505.29436 2.7771318982e+51               0 2.5089043295e+51               0 1.9006563464e+50               0
                0        0     1.83418e+12          0    531.54760717       0.00503397 8.9543875686e+11 2.4985132482e+40 1.7684061731e+41    132641.49942 2.8665744306e+51               0 2.5188890432e+51               0 1.9326866526e+50               0
                0        0     1.83919e+12          0    532.80083228       0.00751334 8.9672597796e+11 3.7325268412e+40 1.8989765404e+41    134927.93855 3.0456600213e+51               0 2.5300926684e+51               0 1.9931501677e+50               0
                0        0     1.85086e+12          0    537.16303938        0.0112139 4.1910567693e+14 1.2017219998e+38 7.8237644365e+40    5000.2766213 3.2210291848e+41               0 2.5660945594e+51               0 6.9168310526e+43               0
                0        0     1.85919e+12          0    542.72890395        0.0200283 4.2127138249e+14 2.1573958315e+38 7.9142633169e+40    5001.7675647 3.2863309515e+41               0 2.6163735704e+51               0 7.0449236635e+43               0
                0        0     1.86586e+12          0    545.71328955         0.013419 4.2242804895e+14 1.449428143e+38 7.9505843661e+40    5000.6360784 3.2800124047e+41               0 2.6435061235e+51               0 7.0405685779e+43               0
                0        0     1.87587e+12          0    549.20255393        0.0104657 4.2377638934e+14 1.1340411852e+38 7.9981734727e+40     5000.128754 3.2900345504e+41               0 2.6753967497e+51               0 7.0662195496e+43               0
                0        0     1.87754e+12          0    550.09536761        0.0160578 4.2412070649e+14 1.7414030869e+38 8.0172309239e+40    5001.0733132 3.3158310488e+41               0 2.6835921688e+51               0 7.1138615721e+43               0
                0        0     1.88254e+12          0    553.77514241         0.022061 4.2553688586e+14 2.4004142428e+38 8.0773345285e+40    5002.0758497 3.3599914026e+41               0 2.7174723563e+51               0 7.2002678232e+43               0
                0        0     1.89088e+12          0    558.17641145        0.0158376 4.2722457058e+14 1.7300927305e+38 8.1346372085e+40    5001.0166129 3.3632925693e+41               0 2.7582375575e+51               0 7.2161589608e+43               0
                0        0     1.89754e+12          0    562.33166528        0.0186921 4.2881182408e+14 2.0495033721e+38 8.1982595093e+40    5001.4841897 3.3987188544e+41               0 2.7969901084e+51               0 7.2882334802e+43               0
                0        0     1.90588e+12          0     566.1652402        0.0137948 4.3027100748e+14 1.5176837396e+38 8.2486914596e+40    5000.6571979 3.4034096407e+41               0 2.8329545287e+51               0 7.3052634308e+43               0
                0        0     1.91255e+12          0    568.36674157       0.00990329 9.3277875578e+11 5.0453844135e+40 2.240753272e+41    137883.10273 3.5447595227e+51               0 2.8575918481e+51               0 2.2337016602e+50               0
                0        0     1.92256e+12          0    570.94260886       0.00772374 9.3535519639e+11 3.9419244071e+40 2.1461801621e+41    136216.62741 3.4215623802e+51               0 2.8820245919e+51               0 2.2023235898e+50               0
                0        0      1.9359e+12          0    574.57241925       0.00816238 9.389781329e+11 4.1760997153e+40 2.1919452923e+41    136672.62929 3.4871200058e+51               0 2.9166172189e+51               0 2.2314676248e+50               0
                0        0     1.94257e+12          0    576.13120241       0.00701207 9.4053122325e+11 3.5913619401e+40 2.143111921e+41    135792.71301 3.4234147223e+51               0 2.931531126e+51               0 2.2155324684e+50               0
                0        0     1.95591e+12          0    579.61371036       0.00783114 9.4399510451e+11 4.020301739e+40 2.2076380793e+41      136552.281 3.5140516995e+51               0 2.9649774084e+51               0 2.2521617058e+50               0
                0        0     1.96591e+12          0    581.67830987       0.00619256 9.4604482895e+11 3.1835093567e+40 2.1368449977e+41    135297.33991 3.4212790356e+51               0 2.9848886687e+51               0 2.2283122037e+50               0
                0        0     1.97258e+12          0    583.34927668       0.00751334 9.4770168006e+11 3.8668275972e+40 2.2156396762e+41    136408.30709 3.5291508482e+51               0 3.0010487212e+51               0 2.2660066727e+50               0
                0        0     1.98258e+12          0     585.5614657       0.00663524 9.4989233686e+11 3.4199479408e+40 2.184849628e+41    135775.07675 3.4903730257e+51               0 3.0225049222e+51               0 2.259377836e+50               0
                0        0     1.98926e+12          0    587.14263407       0.00710957 9.5145613753e+11 3.6682838469e+40 2.2196490311e+41    136200.45312 3.5389568627e+51               0 3.0378840336e+51               0 2.2783578028e+50               0
                0        0     1.99759e+12          0    588.46639404       0.00476344 9.5276409451e+11 2.4599242702e+40 2.1071771559e+41    134348.99817 3.3886959576e+51               0 3.0507871863e+51               0 2.2343327925e+50               0
                0        0     2.00426e+12          0    589.32719077       0.00387223 9.5361399944e+11 2.0008280191e+40 2.0667165199e+41    133639.78851 3.3346125221e+51               0 3.0591912169e+51               0 2.2190558247e+50               0
                0        0     2.01093e+12          0     589.9802526       0.00293775 9.5425847501e+11 1.5186267259e+40 2.0226356961e+41    132876.52596 3.275096555e+51               0 3.0655742327e+51               0 2.2013168227e+50               0
                0        0     2.02094e+12          0    590.58448456       0.00181179 9.5485451498e+11 9.3695220916e+39 1.9683021345e+41    131933.83875 3.2011222059e+51               0 3.0714854551e+51               0 2.178452788e+50               0
                0        0     2.02594e+12          0    590.82017964       0.00141304 9.5508695008e+11 7.3085566754e+39 1.9491890444e+41    131596.36581 3.1750160751e+51               0 3.0737926932e+51               0 2.1703478705e+50               0
                0        0     2.03594e+12          0    591.16796344       0.00104283 9.5542985755e+11 5.394986373e+39 1.9322627123e+41    131286.17631 3.1519871017e+51               0 3.0771986374e+51               0 2.1634800281e+50               0
                0        0     2.05428e+12          0    591.92033925       0.00123078 9.5617141508e+11 6.3704878438e+39 1.9468018037e+41     131481.4297 3.1728225268e+51               0 3.0845728211e+51               0 2.1721517139e+50               0
                0        0     2.06262e+12          0    592.23097089       0.00111738 9.5647747297e+11 5.7847156626e+39 1.9429210471e+41    131394.82966 3.167772935e+51               0 3.087619759e+51               0 2.1711847727e+50               0
                0        0     2.07262e+12          0    592.50972563      0.000836097 9.5675207002e+11 4.3292981111e+39 1.9301418445e+41    131159.41237 3.150383337e+51               0 3.0903552033e+51               0 2.1660201649e+50               0
