                0        0     1.32427e+08          0 0.0023203237747  0.00052564662633     75493012976 1.3508292829e+33 3.0159898915e+33    5220.4260968 4.1631799911e+34               0 6.4141043084e+37               0 7.006986738e+36               0
                0        0     2.76596e+09          0  0.094995515518  0.0010557121306 3.2827827309e+11 2.5542960366e+34 5.7029641893e+34    5220.4260968 7.8721969426e+35               0 1.7173481761e+43               0 1.3249578374e+38               0
                0        0     4.08273e+09          0   0.94494407713   0.019364427308 1.8619278864e+12 8.2169881786e+35 1.8346029064e+36    5220.4260968 2.5324296123e+37               0 5.8294394729e+45               0 4.2622948674e+39               0
                0        0     4.08273e+09          0   0.94494407713  0.0032430030307 1.8619278864e+12 1.3761169975e+35 1.1505157883e+36    4645.6188844 5.2332306261e+35               0 5.8294394729e+45               0 1.7457868007e+38               0
                0        0     6.71627e+09          0    1.4358159779  0.0055917814728 1.8417220099e+12 3.6449338283e+35 1.3555324336e+36    4866.5064148 2.5293121143e+36               0 1.5304121914e+46               0 6.3654264962e+38               0
                0        0     1.19833e+10          0    2.4175597793  0.0055917814728 1.825290004e+12 6.1924183805e+35 1.5926755038e+36    5089.4136278 1.084427185e+37               0 4.9320319317e+46               0 2.1046667085e+39               0
                0        0     1.59336e+10          0    3.1224657748  0.0053533047074 1.816764032e+12 7.692825503e+35 1.7336435924e+36    5210.6578171 2.2731646154e+37               0 8.6598245159e+46               0 3.8658462204e+39               0
                0        0     1.72504e+10          0     3.337820049  0.0049064289037 1.8140820368e+12 7.5480759259e+35 1.7163234633e+36    5201.4351047 2.1434424012e+37               0 1.001668324e+47               0 3.6812614106e+39               0
                0        0     2.25175e+10          0    4.1359784518  0.0045461222798 1.8788800787e+12 8.3672948417e+35 1.8681618011e+36    5220.4260968 2.5787532818e+37               0 1.5942916077e+47               0 4.3402615512e+39               0
                0        0     2.38342e+10          0    4.3110616286  0.0039889301579 1.8770270971e+12 7.6601076925e+35 1.7954096593e+36    5171.3922376 1.9107433893e+37               0 1.7432649261e+47               0 3.389258195e+39               0
                0        0     2.77846e+10          0    4.6190220415  0.0023387599748 1.8723824492e+12 4.823984234e+35 1.5067091824e+36    4955.7790901 4.7912042446e+36               0 2.0219162016e+47               0 1.0836066903e+39               0
                0        0     2.91013e+10          0     4.816399268  0.0044968567833 1.969562564e+12 9.194465997e+35 2.0528438979e+36    5220.4260968 2.8336827867e+37               0 2.2116626416e+47               0 4.7693296347e+39               0
                0        0     3.04181e+10          0    5.1351913587  0.0072630586679 2.3607572364e+12 1.320959822e+36 2.9493004931e+36    5220.4260968 4.0711239898e+37               0 2.5365509845e+47               0 6.8520486423e+39               0
                0        0     3.56852e+10          0    5.5930740187  0.0026079917908 2.3497821612e+12 5.1903176575e+35 2.3240878146e+36    4930.0485163 6.3509610414e+36               0 3.0430363524e+47               0 1.4807061116e+39               0
                0        0     4.09522e+10          0    6.3407212851  0.0042584227436 2.3431153621e+12 9.6351508584e+35 3.9450718285e+36    5635.3222272 4.0659149699e+38               0 3.971108759e+47               0 4.5501398752e+40               0
                0        0     4.09522e+10          0    6.3407212851   0.010181536223 2.8345008595e+12 1.9043209061e+36 4.8858776488e+36    5405.0437211 1.7175221603e+38               0 3.9711087577e+47               0 2.3924174165e+40               0
                0        0     4.88528e+10          0    7.8457803382  0.0057149745965 2.8145205735e+12 1.3320200911e+36 8.3213091763e+36    6196.5158054 8.2904837356e+39               0 6.219531401e+47               0 5.8179384027e+41               0
                0        0     4.88528e+10          0    7.8457803382  0.0041214743609 2.8145205735e+12 9.6061435809e+35 7.9499034433e+36    6126.1850431 6.1058668774e+39               0 6.2195314009e+47               0 4.5222257722e+41               0
                0        0     5.14864e+10          0    8.1273807459  0.0032078591995 2.8045636204e+12 7.7725828722e+35 8.8253116532e+36    6299.4368346 1.2724923246e+40               0 6.6965767258e+47               0 8.2697668549e+41               0
                0        0     5.14864e+10          0    8.1273807459  0.0026654487313 2.8045636204e+12 6.4583324478e+35 8.6938866107e+36      6275.85218 1.1530444673e+40               0 6.6965767258e+47               0 7.6248795092e+41               0
                0        0     5.14864e+10          0    8.1273807459  0.0020745935762 2.8045636204e+12 5.0267014524e+35 8.5507235112e+36    6249.8548155 1.0334547589e+40               0 6.6965767258e+47               0 6.967283013e+41               0
                0        0     5.41199e+10          0     8.272250532  0.0016502883642 2.7942989961e+12 4.0848432494e+35 9.0458864691e+36    6350.0655266 1.5571030628e+40               0 6.9489062605e+47               0 9.7529051541e+41               0
                0        0     5.41199e+10          0     8.272250532  0.0013563844945 2.7942989961e+12 3.3573635774e+35 8.9731385019e+36    6337.2598693 1.4773155446e+40               0 6.9489062605e+47               0 9.3393971298e+41               0
                0        0     6.20205e+10          0    8.9086371799  0.0024164723098 2.7666394026e+12 6.5058686503e+35 1.2268644109e+37    6886.9150211 1.1657117941e+41               0 8.1129281494e+47               0 5.0995226131e+42               0
                0        0     6.86044e+10          0    9.2747794623  0.0016683681651 2.7381363436e+12 4.7250365268e+35 1.4121565168e+37    7170.4272645 2.9630148673e+41               0 8.8236418258e+47               0 1.0949706789e+43               0
                0        0      7.6505e+10          0    9.7594198919   0.001840265163 2.7033087728e+12 5.5548649979e+35 1.7288895986e+37    7590.9450821 1.0454363318e+42               0 9.8103631863e+47               0 3.075304343e+43               0
                0        0     7.78217e+10          0    9.8535041977   0.002143528188 2.6965135434e+12 6.549106501e+35 1.8042975378e+37    7682.0582717 1.3499196396e+42               0 1.0007985659e+48               0 3.7912535176e+43               0
                0        0      8.1772e+10          0    10.182270452  0.0024967668709 2.6766904086e+12 7.941256659e+35 2.0621579036e+37    7972.2933164 2.9355889725e+42               0 1.0714032906e+48               0 7.1609804495e+43               0
                0        0     8.57223e+10          0    10.613977016  0.0032785318817 2.6561452198e+12 1.0953943397e+36 2.4505371815e+37    8355.8623547 7.5809934195e+42               0 1.1677675224e+48               0 1.5567557379e+44               0
                0        0     8.96726e+10          0    11.174712465  0.0042584227436 2.6344561745e+12 1.5102849878e+36 3.0273263262e+37    8845.4754453 2.2690434422e+43               0 1.2991158546e+48               0 3.8159970188e+44               0
                0        0     9.36229e+10          0    11.879618461  0.0053533047074 2.8203353686e+12 1.8853346817e+36 3.862188691e+37    9085.7306129 4.3025290917e+43               0 1.4741290597e+48               0 6.6078992906e+44               0
                0        0      1.0284e+11          0    13.542418578  0.0054119530538 2.7591049068e+12 2.2209909768e+36 6.4261214946e+37    10432.898621 4.5710265998e+44               0 1.9304876459e+48               0 4.5264457075e+45               0
                0        0     1.10741e+11          0    14.806690907   0.004800664951 2.6891935782e+12 2.2100499814e+36 9.0868567779e+37    11523.761171 2.0474338815e+45               0 2.3182096561e+48               0 1.5191300951e+46               0
                0        0     1.18642e+11          0    15.928161807  0.0042584227436 2.6080405532e+12 2.1745272048e+36 1.2090195523e+38    12567.619459 6.6665307336e+45               0 2.6914571861e+48               0 3.9068488764e+46               0
                0        0     1.22592e+11          0    16.404348398  0.0036163288977 2.5601673754e+12 1.9374178694e+36 1.3551216534e+38    13051.554845 1.071180627e+46               0 2.8582510786e+48               0 5.6876003669e+46               0
                0        0     1.27859e+11          0     16.94352998  0.0030710512985 2.4955433257e+12 1.7433741658e+36 1.5376452159e+38       13643.737 1.8154090116e+46               0 3.0530754204e+48               0  8.60942826e+46               0
                0        0     1.27859e+11          0     16.94352998  0.0026365637504 2.4955433257e+12 1.4967243078e+36 1.5351787173e+38     13638.26231 1.806117285e+46               0 3.0530754204e+48               0 8.5740038465e+46               0
                0        0     1.30492e+11          0    17.123673628  0.0020521115847 2.4614905712e+12 1.1936156137e+36 1.5978375883e+38    13870.302446 2.1767283239e+46               0 3.1195773561e+48               0 9.9065895247e+46               0
                0        0     1.33126e+11          0    17.248047462  0.0014168081402 2.4275041002e+12 8.4169697003e+35 1.640898133e+38     14060.22531 2.5100173235e+46               0 3.1659029977e+48               0 1.1044911506e+47               0
                0        0     1.33126e+11          0    17.248047462  0.0017810833126 2.4275041002e+12 1.058105459e+36 1.6430622179e+38    14064.858821 2.5203288896e+46               0 3.1659029977e+48               0 1.1081272097e+47               0
                0        0     1.41027e+11          0    17.558078601  0.0011772428978 2.3291033992e+12 7.4202588004e+35 1.7604786421e+38    14608.820959 3.6907279574e+46               0 3.2828436588e+48               0 1.4791766161e+47               0
                0        0     1.42343e+11          0    17.594939023  0.00083979313592 2.3129947274e+12 5.341339683e+35 1.7731672253e+38    14685.947233 3.8772614495e+46               0 3.2968858748e+48               0 1.5343314361e+47               0
                0        0     1.42343e+11          0    17.594939023  0.0010217610465 2.3129947274e+12 6.4987109212e+35 1.7743245966e+38    14688.343077 3.8848402815e+46               0 3.2968858748e+48               0 1.5367269326e+47               0
                0        0     1.46294e+11          0    17.687828957  0.00070543891414 2.2654632274e+12 4.6051277211e+35 1.8100596115e+38    14915.800701 4.4738654063e+46               0 3.3324036918e+48               0 1.7057199813e+47               0
                0        0     1.46294e+11          0    17.687828957  0.00056730717781 2.2654632274e+12 3.7033993427e+35 1.8091578831e+38    14913.942681 4.4672886604e+46               0 3.3324036918e+48               0 1.7037191034e+47               0
                0        0     1.56828e+11          0     17.86261694  0.00049777559227 2.1438957831e+12 3.4676860123e+35 1.8813516977e+38    15481.659925 6.1748509922e+46               0 3.3997439882e+48               0 2.1559256772e+47               0
                0        0     1.62095e+11          0    17.954904223  0.00052564662633 2.0878686885e+12 3.7795365266e+35 1.9207737223e+38    15769.550772 7.2165007399e+46               0 3.4355666505e+48               0 2.4137892515e+47               0
                0        0     1.64728e+11          0    18.008652018  0.00061226957023 2.0609051356e+12 4.473326877e+35 1.9445247859e+38    15921.215878 7.8267233909e+46               0 3.4565147318e+48               0 2.5606001181e+47               0
                0        0     1.69995e+11          0    18.194002402  0.0010557121306 2.0087904708e+12 7.9947313384e+35 2.0291580849e+38    16299.095782 9.6330395814e+46               0 3.5292348536e+48               0 2.9865361697e+47               0
                0        0     1.69995e+11          0    18.194002402  0.0008676977889 2.0087904708e+12 6.5709301845e+35 2.0277342837e+38    16296.235879 9.614590428e+46               0 3.5292348536e+48               0 2.9820089361e+47               0
                0        0     1.69995e+11          0    18.194002402  0.00071316737871 2.0087904708e+12 5.4006972419e+35 2.0265640508e+38    16293.884176 9.5994416001e+46               0 3.5292348536e+48               0 2.9782901544e+47               0
                0        0     1.71312e+11          0    18.249769553  0.0012705462425 1.995968883e+12 9.7131221089e+35 2.0557712313e+38    16404.714398 1.0203714426e+47               0 3.5512601249e+48               0 3.1173022155e+47               0
                0        0     1.72629e+11          0    18.316885145  0.0015290984233 1.9832219402e+12 1.1808112938e+36 2.0881311059e+38    16521.734639 1.0879821819e+47               0 3.5778567804e+48               0 3.2706995338e+47               0
                0        0     1.75263e+11          0    18.478431955   0.001840265163 1.9581015065e+12 1.4520282712e+36 2.1650670161e+38    16778.459971 1.2512912147e+47               0 3.6422746574e+48               0 3.6330514363e+47               0
                0        0     1.77896e+11          0    18.668662056  0.0021670116978 1.9332259778e+12 1.7496717562e+36 2.2579773847e+38     17064.37737 1.4583116922e+47               0 3.7188542854e+48               0 4.0769687576e+47               0
                0        0     1.77896e+11          0    18.668662056  0.0025241203014 1.9332259778e+12 2.0380056117e+36 2.2608607232e+38     17069.82238 1.463202984e+47               0 3.7188542854e+48               0 4.0877348943e+47               0
                0        0     1.81846e+11          0     19.05580209  0.0029400779435 1.8967730171e+12 2.4696503386e+36 2.4568857227e+38    17595.046491 1.9279555942e+47               0 3.8771192644e+48               0 5.036650293e+47               0
                0        0     1.83163e+11          0    19.198144836  0.0032430030307 1.8842495632e+12 2.7626950465e+36 2.5333062185e+38    17789.124379 2.127258803e+47               0 3.9361239744e+48               0 5.4252316834e+47               0
                0        0      1.8448e+11          0    19.362147944   0.003736492303 1.8717214856e+12 3.231775278e+36 2.6247210268e+38    18007.442461 2.3735406699e+47               0 4.0046498124e+48               0 5.8943816457e+47               0
                0        0     1.89747e+11          0    20.032613054  0.0038188113566 1.823860972e+12 3.5070247558e+36 3.0056337025e+38    18870.786836 3.570339997e+47               0 4.2908250655e+48               0 8.0158021391e+47               0
                0        0     1.95014e+11          0    20.640450808  0.0034621006929 1.7748415583e+12 3.366386977e+36 3.3815072957e+38    19701.516128 5.0813609422e+47               0 4.5586345836e+48               0 1.0415135829e+48               0
                0        0     2.01598e+11          0    21.336822697  0.0031730962155 1.7137520005e+12 3.3031612007e+36 3.8560590762e+38    20718.761603 7.488131519e+47               0 4.8752091548e+48               0 1.3825190796e+48               0
                0        0     2.05548e+11          0     21.72820406  0.0029722880864 1.6761734359e+12 3.2215177776e+36 4.1435585483e+38    21329.749453 9.2503011173e+47               0 5.0576988592e+48               0 1.6092848946e+48               0
                0        0     2.16082e+11          0    22.818381274  0.0031046963253 1.5827708984e+12 3.7424039045e+36 5.0380889567e+38    23049.382267 1.5847019376e+48               0 5.583298047e+48               0 2.3593020009e+48               0
                0        0     2.17399e+11          0    22.946029497   0.002908216856 1.5702535074e+12 3.5532790604e+36 5.1490369622e+38    23267.433281 1.6837912621e+48               0 5.6465006235e+48               0 2.460510035e+48               0
                0        0     2.23983e+11          0    23.563745151  0.0028146903043 1.510553568e+12 3.671162065e+36 5.7234820007e+38    24358.406611 2.2430253483e+48               0 5.957259364e+48               0 2.995604589e+48               0
                0        0     2.31884e+11          0    24.363753004  0.0030377708767 1.4416213228e+12 4.2925242654e+36 6.542204182e+38    25781.446832 3.1512730572e+48               0 6.3717978411e+48               0 3.7706009547e+48               0
                0        0     2.37151e+11          0    24.831723325  0.0026654487313 1.3955638902e+12 3.9654476821e+36 7.0528487137e+38    26700.422967 3.8219777773e+48               0 6.6205890813e+48               0 4.2769150076e+48               0
                0        0     2.45051e+11          0    25.533678806  0.0026654487313 1.3295530212e+12 4.2799906196e+36 7.883267939e+38    28127.141778 5.0256095083e+48               0 7.0024834542e+48               0 5.0964675447e+48               0
                0        0     2.51635e+11          0    26.052569282  0.0023643823544 1.2759470138e+12 4.0364574903e+36 8.537854581e+38    29290.226457 6.1154630551e+48               0 7.2914880339e+48               0 5.7488090745e+48               0
                0        0     2.55585e+11          0    26.331763476  0.0021202991647 1.244541756e+12 3.7508730825e+36 8.9051518424e+38    29971.429485 6.7892398939e+48               0 7.4493449406e+48               0 6.1152121455e+48               0
                0        0      2.6612e+11          0    27.076281327  0.0021202991647 1.1659459827e+12 4.1169205288e+36 9.9550683359e+38    31840.047516 8.8349135238e+48               0 7.878340391e+48               0 7.1183705909e+48               0
                0        0      2.6612e+11          0    27.076281327  0.0019222445211 1.1659459827e+12 3.732363839e+36 9.951222769e+38    31836.972179 8.8294789121e+48               0 7.878340391e+48               0 7.1152511858e+48               0
                0        0     2.68753e+11          0     27.22273824  0.0016683681651 1.1468814283e+12 3.3110819919e+36 1.0163255624e+39    32270.137295 9.3072948836e+48               0 7.9641052847e+48               0 7.3170644405e+48               0
                0        0      2.7402e+11          0    27.488291331  0.0015125278631 1.1099274366e+12 3.1319966993e+36 1.0562557403e+39    33120.496461 1.0256228298e+49               0 8.1207647687e+48               0 7.6895287514e+48               0
                0        0      2.7797e+11          0    27.664960189  0.0013416856036 1.0832928244e+12 2.8648355474e+36 1.0833246599e+39    33737.941826 1.0945915893e+49               0 8.2258104035e+48               0 7.9357959836e+48               0
                0        0     2.81921e+11          0    27.818295882  0.0011644853317 1.0575570324e+12 2.5610938949e+36 1.1071750165e+39     34332.38955 1.1600098787e+49               0 8.3175145907e+48               0 8.1481730679e+48               0
                0        0     2.87188e+11          0    27.995741494  0.0010106884087 1.024556049e+12 2.3090763425e+36 1.1353779863e+39    35100.969943 1.2432434012e+49               0 8.4242550624e+48               0 8.3906156325e+48               0
                0        0     2.89821e+11          0    28.071911935  0.0008676977889 1.0087608578e+12 2.0189102605e+36 1.1474695934e+39    35468.518316 1.2819604602e+49               0 8.4702775734e+48               0 8.4911128286e+48               0
                0        0     2.91138e+11          0    28.104608918  0.00074493725899 1.0010413518e+12 1.748678534e+36 1.152545384e+39    35644.322212 1.2997589319e+49               0 8.4900706304e+48               0 8.5327682327e+48               0
                0        0     2.93772e+11          0    28.159540837  0.0006257585453 9.8582999706e+11 1.4944971223e+36 1.1613147831e+39    35986.394383 1.3332117052e+49               0 8.5233741285e+48               0 8.6034467772e+48               0
                0        0     2.99039e+11          0    28.255939295  0.00054906291105 9.5630285102e+11 1.3564417877e+36 1.1771401002e+39    36661.579711 1.3976594395e+49               0 8.5819707008e+48               0 8.7236439657e+48               0
                0        0     3.06939e+11          0    28.410306018  0.00058615766522 9.1451544152e+11 1.5225237339e+36 1.2032114835e+39    37695.701659 1.4987116221e+49               0 8.676210186e+48               0 8.9006474398e+48               0
                0        0      3.1879e+11          0    28.636864763  0.00057352233456 8.5684641868e+11 1.6026458815e+36 1.2420841657e+39    39254.380187 1.6503990606e+49               0 8.8154279819e+48               0 9.1197643605e+48               0
                0        0     3.22741e+11          0    28.720165354  0.00063261406837 8.3952707835e+11 1.809488499e+36 1.2567876499e+39    39774.065334 1.7031653545e+49               0 8.8668860293e+48               0 9.1943862541e+48               0
                0        0     3.29324e+11          0    28.866773169  0.00066803486545 8.1177268028e+11 1.9862215592e+36 1.2827864102e+39    40655.867557 1.7940433928e+49               0 8.9578048769e+48               0 9.3163726582e+48               0
                0        0     3.37225e+11          0    29.058726131  0.00072887924398 7.8040746404e+11 2.2692142102e+36 1.3174780324e+39    41742.360012 1.9095812183e+49               0 9.0775257101e+48               0  9.46541676e+48               0
                0        0     3.41175e+11          0    29.165751169  0.00081278588024 7.6563040189e+11 2.5887785434e+36 1.3372808772e+39    42300.737035 1.9717667402e+49               0 9.1446123573e+48               0 9.5476238951e+48               0
                0        0     3.42492e+11          0    29.205968826  0.00091628119678 7.6083146867e+11 2.9408757654e+36 1.3450100268e+39    42495.114906 1.9946503714e+49               0 9.1698840699e+48               0 9.5808457122e+48               0
                0        0     3.46442e+11          0    29.341985026  0.0010329549909 7.4666467088e+11 3.393985954e+36 1.3706391281e+39    43099.262725 2.0682539093e+49               0 9.255604063e+48               0 9.6909407343e+48               0
                0        0     3.50393e+11          0    29.503906164  0.0012296862191 7.3291274522e+11 4.1389130605e+36 1.4018148781e+39     43747.01149 2.1529828887e+49               0 9.3581548472e+48               0 9.8272763716e+48               0
                0        0     3.54343e+11          0    29.718855952  0.0016324044907 7.1955665758e+11 5.6371504509e+36 1.4444912955e+39    44483.412404 2.2609498326e+49               0 9.4951382886e+48               0 1.0022594788e+49               0
                0        0      3.5566e+11          0    29.781724161  0.0014323300391 7.1515341904e+11 4.9872193694e+36 1.456055243e+39     44709.18101 2.2917931759e+49               0 9.5353856864e+48               0 1.0069689206e+49               0
                0        0     3.58293e+11          0    29.948638849  0.0019014135084 7.0648222159e+11 6.7393370997e+36 1.4906124965e+39    45247.275271 2.3765751848e+49               0 9.642643249e+48               0 1.0225966835e+49               0
                0        0     3.62244e+11          0       30.233984  0.0021670116978 6.9373179556e+11 7.896411798e+36 1.5491352347e+39    46102.915869 2.5180101344e+49               0 9.8273514835e+48               0 1.0485740382e+49               0
                0        0     3.72778e+11          0    31.055211768  0.0023387599748 6.6143789566e+11 9.1811234826e+36 1.7248220777e+39    48500.185535 2.9390007677e+49               0 1.0368429884e+49               0  1.12046417e+49               0
                0        0     3.85945e+11          0    32.037967106  0.0022390171797 6.2304777182e+11 9.6264416727e+36 1.9529639321e+39    51548.346967 3.4896150201e+49               0 1.103440314e+49               0 1.1969065505e+49               0
                0        0      3.9648e+11          0    32.750732963  0.0020298732264 5.9352128183e+11 9.3652289127e+36 2.1314978453e+39    53982.741642 3.9234598326e+49               0 1.1529977737e+49               0 1.2425348938e+49               0
                0        0     4.07014e+11          0    33.382990863  0.0018005960429 5.6537481048e+11 8.8893464734e+36 2.2997010794e+39     56370.44726 4.3327806807e+49               0 1.197839817e+49               0 1.273473699e+49               0
                0        0     4.12281e+11          0    33.713202592  0.0018808082377 5.5186556056e+11 9.6067389613e+36 2.392411537e+39    57622.777322 4.553688352e+49               0 1.2215888542e+49               0 1.2887073887e+49               0
                0        0     4.22815e+11          0    34.441671469  0.0020745935762 5.2620589527e+11 1.1353409257e+37 2.6068789308e+39    60291.240805 5.0508361065e+49               0 1.2747785045e+49               0 1.322347196e+49               0
                0        0     4.30716e+11          0    34.942415534  0.0019014135084 5.0768318007e+11 1.0942120114e+37 2.7607358705e+39    62267.537065 5.4032149211e+49               0 1.3119764922e+49               0 1.3383754074e+49               0
                0        0     4.39933e+11          0    35.477849783  0.0017426899281 4.8701887362e+11 1.0614422581e+37 2.9328658982e+39    64543.426329 5.791182357e+49               0 1.3523237038e+49               0 1.3487864861e+49               0
                0        0     4.50467e+11          0    36.131116353  0.0018604262625 4.6475821639e+11 1.2092929456e+37 3.1555964105e+39    67291.263997 6.2766351046e+49               0 1.4023498978e+49               0 1.3610113043e+49               0
                0        0     4.61001e+11          0    36.723362063  0.0016866460401 4.4364435382e+11 1.1673368106e+37 3.3664079251e+39     69996.45842 6.7234815066e+49               0 1.4484618536e+49               0 1.3627070638e+49               0
                0        0     4.67585e+11          0    37.044628387  0.0014638858523 4.3103818428e+11 1.0519169797e+37 3.4841958613e+39    71625.823601 6.9670739613e+49               0 1.4737769374e+49               0 1.3575088579e+49               0
                0        0     4.78119e+11          0    37.526124567  0.0013712444198 4.1183454359e+11 1.0446975393e+37 3.6682750417e+39    74225.981336 7.3365687484e+49               0 1.5121143535e+49               0 1.3448260338e+49               0
                0        0      4.8997e+11          0    38.067807769  0.0013712444198 3.916573308e+11 1.1143746778e+37 3.8847894382e+39    77213.031199 7.7537667501e+49               0 1.5558119692e+49               0 1.3284501035e+49               0
                0        0     4.99187e+11          0    38.471149049  0.0013127639631 3.7693980877e+11 1.1202489675e+37 4.0516461575e+39     79537.82953 8.062450353e+49               0 1.5887397339e+49               0 1.3129140764e+49               0
                0        0     5.07088e+11          0    38.784576746  0.0011901402301 3.6494935481e+11 1.0575218417e+37 4.1843080919e+39    81487.590138 8.2984744798e+49               0 1.6145569292e+49               0 1.2964370369e+49               0
                0        0     5.11038e+11          0    38.925112494  0.0010672780276 3.5918730083e+11 9.6705511237e+36 4.2442270321e+39    82431.086831 8.4015445925e+49               0 1.6261981289e+49               0 1.2869061015e+49               0
                0        0     5.13672e+11          0    39.008220512  0.00094672739565 3.5542905453e+11 8.6874618651e+36 4.2795243039e+39    83037.501274 8.4605453698e+49               0 1.6331013219e+49               0 1.279769583e+49               0
                0        0     5.18939e+11          0    39.158910505  0.00085829470651 3.4806482854e+11 8.0736821439e+36 4.3452874249e+39    84231.865234 8.5673855568e+49               0 1.6456540491e+49               0 1.2646000289e+49               0
                0        0     5.20256e+11          0    39.191607488  0.00074493725899 3.4627513116e+11 7.0494660774e+36 4.3587673428e+39     84514.67619 8.5881929372e+49               0 1.6483838846e+49               0 1.2604096158e+49               0
                0        0     5.22889e+11          0    39.250893081  0.00067535354846 3.4273218813e+11 6.4668172649e+36 4.384576076e+39    85075.853869 8.627236808e+49               0 1.6533391408e+49               0 1.2518582794e+49               0
                0        0     5.29473e+11          0    39.380941326  0.00059257933924 3.3406132797e+11 5.8407840439e+36 4.4422622304e+39    86454.938723 8.7097644404e+49               0 1.6642340694e+49               0 1.2294691466e+49               0
                0        0     5.36057e+11          0    39.500133582  0.0005431128166 3.2576556298e+11 5.506152013e+36 4.495881881e+39    87811.823902 8.7819931479e+49               0 1.6742498401e+49               0 1.2069978045e+49               0
                0        0     5.43958e+11          0    39.634112649  0.00050874213852 3.162493276e+11 5.3309178955e+36 4.5569402804e+39    89424.267182 8.8592076754e+49               0 1.6855427537e+49               0 1.1801911141e+49               0
                0        0     5.51858e+11          0    39.781895982  0.00056115937359 3.0722655898e+11 6.0754394448e+36 4.625951604e+39     91069.45842 8.9473507689e+49               0 1.6980416739e+49               0 1.1552206349e+49               0
                0        0     5.55808e+11          0     39.86340093  0.00061897731429 3.0292210445e+11 6.8105607085e+36 4.6646639534e+39    91905.492971 8.9977744756e+49               0 1.7049540872e+49               0 1.1436488342e+49               0
                0        0     5.63709e+11          0    40.047167535  0.00069779420153 2.9455997473e+11 7.9321365322e+36 4.7522703677e+39    93635.445086 9.1135094578e+49               0 1.7205889677e+49               0 1.1218521074e+49               0
                0        0     5.68976e+11          0    40.183781753  0.00077812241053 2.892262088e+11 9.0391134862e+36 4.8184474306e+39    94822.154706 9.2021596929e+49               0 1.7322567124e+49               0 1.1085194699e+49               0
                0        0     5.72926e+11          0    40.295574497  0.0008489935236 2.853374059e+11 1.0024616668e+37 4.8731764858e+39    95736.058119 9.2762641609e+49               0 1.7418328257e+49               0 1.0991778345e+49               0
                0        0     5.76877e+11          0    40.417549285  0.00092631955251 2.815325534e+11 1.1119031034e+37 4.9334218823e+39    96677.322788 9.358706981e+49               0 1.7523101613e+49               0 1.0904524286e+49               0
                0        0     5.84777e+11          0    40.651094966  0.00088681412983 2.7411878159e+11 1.0995900808e+37 5.0480592975e+39    98540.231114 9.5094513785e+49               0 1.7724556765e+49               0 1.072239445e+49               0
                0        0     5.91361e+11          0    40.831424225  0.00082169038884 2.6817846014e+11 1.0460286915e+37 5.1374983191e+39    100063.99499 9.6211195504e+49               0 1.7880867091e+49               0 1.0565624465e+49               0
                0        0     5.97945e+11          0     40.99490914  0.00074493725899 2.6243813367e+11 9.7294309032e+36 5.2193745148e+39    101553.05807 9.7170803467e+49               0 1.8023148288e+49               0 1.0403074613e+49               0
                0        0     6.03212e+11          0    41.112195392  0.00066803486545 2.5799573058e+11 8.900656338e+36 5.2784211685e+39    102712.10064 9.7812682334e+49               0 1.8125557492e+49               0 1.0269108851e+49               0
                0        0     6.07162e+11          0    41.193700339  0.00061897731429 2.5475221724e+11 8.3685905383e+36 5.3198008401e+39    103565.88438 9.8236999105e+49               0 1.8196888706e+49               0 1.0167608907e+49               0
                0        0     6.13746e+11          0    41.329541919  0.00061897731429 2.4947497408e+11 8.5737949309e+36 5.3904139096e+39    105001.11153 9.8952686921e+49               0 1.8316074062e+49               0 1.0001598667e+49               0
                0        0     6.22964e+11          0    41.517659203  0.00061226957023 2.4236062168e+11 8.7695686328e+36 5.4892655445e+39    107016.16709 9.9917321696e+49               0 1.8481744371e+49               0 9.7733896769e+48               0
                0        0     6.28231e+11          0    41.652792958  0.00076969004015 2.3847878679e+11 1.1240224739e+37 5.5634380912e+39    108246.23483 1.0073734622e+50               0 1.8601196936e+49               0 9.661176858e+48               0
                0        0     6.28231e+11          0    41.652792958  0.00068275241159 2.3847878679e+11 9.970624728e+36 5.5621684912e+39    108240.05874 1.0071702521e+50               0 1.8601196936e+49               0 9.6601792781e+48               0
                0        0     6.33498e+11          0    41.805133841  0.0008676977889 2.3469809418e+11 1.2922701118e+37 5.6467936826e+39    109521.04009 1.0168636771e+50               0 1.8736304416e+49               0 9.557051239e+48               0
                0        0     6.34815e+11          0     41.84853898  0.00098890180929 2.3377065078e+11 1.4801585563e+37 5.6721070159e+39    109860.85436 1.0199178623e+50               0 1.8774885617e+49               0 9.5346105421e+48               0
                0        0     6.34815e+11          0     41.84853898  0.0010442715712 2.3377065078e+11 1.5630343545e+37 5.6729357739e+39    109864.86711 1.0200491096e+50               0 1.8774885617e+49               0 9.5352359945e+48               0
                0        0     6.38765e+11          0    41.993744451  0.0011027415504 2.3101663226e+11 1.6760225026e+37  5.75299382e+39    110905.66076 1.0297626879e+50               0 1.890423117e+49               0 9.4705272904e+48               0
                0        0     6.42715e+11          0    42.122548749  0.00097818526107 2.2830582061e+11 1.5089801483e+37 5.8220251492e+39    111895.31116 1.0376035675e+50               0 1.9019324936e+49               0 9.3972643345e+48               0
                0        0     6.47982e+11          0    42.316156044  0.0011027415504 2.2476598917e+11 1.7358576459e+37 5.9317935907e+39     113300.8246 1.0506196083e+50               0 1.9192956682e+49               0 9.3120073382e+48               0
                0        0     6.50616e+11          0    42.396591357  0.00091628119678 2.2302481465e+11 1.4563685182e+37 5.9740961381e+39    113944.48746 1.0550888719e+50               0 1.9265316468e+49               0 9.2604457671e+48               0
                0        0     6.54566e+11          0    42.507172623  0.00083979313592 2.2044847947e+11 1.3539174497e+37 6.0354913104e+39    114901.70269 1.0613871788e+50               0 1.9365009669e+49               0 9.1818733737e+48               0
                0        0       6.572e+11          0    42.566458216  0.00067535354846 2.1875784868e+11 1.0987523376e+37 6.0666057518e+39    115493.21798 1.0640351253e+50               0 1.9418559909e+49               0 9.1233496022e+48               0
                0        0       6.572e+11          0    42.566458216  0.00060563451677 2.1875784868e+11 9.8532441646e+36 6.0654714726e+39    115487.81913 1.063861951e+50               0 1.9418559909e+49               0 9.1226028018e+48               0
                0        0       6.572e+11          0    42.566458216  0.00073686451003 2.1875784868e+11 1.1988263107e+37 6.0676064915e+39    115497.98059 1.0641879067e+50               0 1.9418559909e+49               0 9.1240084017e+48               0
                0        0     6.62467e+11          0    42.653852208  0.00049777559227 2.1542423605e+11 8.2406610247e+36 6.1137438687e+39    116608.81723 1.0669356895e+50               0 1.9497629161e+49               0 8.9972422758e+48               0
                0        0     6.62467e+11          0    42.653852208  0.00053722720225 2.1542423605e+11 8.8937813258e+36 6.114396989e+39    116611.93138 1.0670346865e+50               0 1.9497629161e+49               0 8.9976610335e+48               0
                0        0     6.63783e+11          0    42.673445211  0.00044638853379 2.146105548e+11 7.4213756324e+36 6.124150542e+39    116879.34976 1.0674482899e+50               0 1.9515377059e+49               0 8.9655178062e+48               0
                0        0     6.69051e+11          0    42.741466408  0.00038743271779 2.1138550716e+11 6.5499088602e+36 6.1623725309e+39    117950.89594 1.0689170994e+50               0 1.957705294e+49               0 8.837059569e+48               0
                0        0     6.71684e+11          0    42.769117049  0.00031498307272 2.0981335434e+11 5.3684526473e+36 6.177136029e+39      118462.826 1.068992439e+50               0 1.9602150995e+49               0 8.7716184073e+48               0
                0        0     6.71684e+11          0    42.769117049  0.00035124308469 2.0981335434e+11 5.9864546103e+36 6.177754031e+39    118465.78884 1.0690850052e+50               0 1.9602150995e+49               0 8.7719978053e+48               0
                0        0     6.75634e+11          0    42.807130737  0.00028868934922 2.0748840845e+11 4.9798675857e+36 6.1987188696e+39    119228.59503 1.0689990575e+50               0 1.9636680701e+49               0 8.6742701202e+48               0
                0        0     6.75634e+11          0    42.807130737   0.000258886971 2.0748840845e+11 4.4657790068e+36 6.198204781e+39    119226.12291 1.0689224304e+50               0 1.9636680701e+49               0 8.6739600573e+48               0
                0        0     6.76951e+11          0    42.817432455  0.00023470464445 2.0672836342e+11 4.0644987321e+36 6.203767852e+39    119471.88397 1.0686850059e+50               0 1.9646043298e+49               0 8.6411360934e+48               0
                0        0     6.79585e+11          0    42.835708703  0.00020819440769 2.0521932353e+11 3.633469496e+36 6.2139287594e+39    119959.40489 1.0680585435e+50               0 1.9662658743e+49               0 8.5753173334e+48               0
                0        0     6.79585e+11          0    42.835708703  0.00016561355074 2.0521932353e+11 2.8903359674e+36 6.2131856258e+39     119955.8182 1.0679482906e+50               0 1.9662658743e+49               0 8.5748766221e+48               0
                0        0     6.79585e+11          0    42.835708703  0.00018874721368 2.0521932353e+11 3.2940713969e+36 6.2135893613e+39    119957.76685  1.06800819e+50               0 1.9662658743e+49               0 8.5751160597e+48               0
                0        0     6.82218e+11          0    42.849033401  0.00015178869065  2.03730806e+11 2.6692453495e+36 6.2206953687e+39    120429.59972 1.0669284188e+50               0 1.9674776859e+49               0 8.508335906e+48               0
                0        0     6.82218e+11          0    42.849033401  0.00013174152223  2.03730806e+11 2.3167104482e+36 6.2203428338e+39    120427.89346 1.0668762725e+50               0 1.9674776859e+49               0 8.5081290902e+48               0
                0        0     6.87485e+11          0    42.869550599  0.00011686112243 2.0079642282e+11 2.0860646633e+36 9.8982917581e+38    76615.023277 1.9767819937e+49               0 1.9693443206e+49               0 3.4322073678e+48               0
                0        0     6.87485e+11          0    42.869550599  0.00010142693828 2.0079642282e+11 1.8105521106e+36 9.8955366326e+38    76609.691396 1.9762413037e+49               0 1.9693443206e+49               0 3.4316775334e+48               0
                0        0     6.88802e+11          0    42.873542876  9.095629229e-05 2.0068307857e+11 1.6247110006e+36 9.895518002e+38    76631.286555 1.9761988848e+49               0 1.9697076332e+49               0 3.4299480833e+48               0
                0        0     6.91436e+11          0    42.880781604  8.2460172331e-05 2.0045672277e+11 1.4748608889e+36 9.8973557956e+38    76678.100132 1.9764812561e+49               0 1.9703664675e+49               0 3.4268526075e+48               0
                0        0     6.91436e+11          0    42.880781604  7.3947529759e-05 2.0045672277e+11 1.3226060095e+36 9.8958332468e+38    76675.151039 1.976182568e+49               0 1.9703664675e+49               0 3.4265604067e+48               0
                0        0     6.91436e+11          0    42.880781604  6.9267789818e-05 2.0045672277e+11 1.2389054155e+36 9.8949962408e+38     76673.52966 1.976018365e+49               0 1.9703664675e+49               0 3.4263997606e+48               0
                0        0     6.91436e+11          0    42.880781604  4.1962052338e-05 2.0045672277e+11 7.505221983e+35 9.8901124087e+38    76664.067049 1.9750602294e+49               0 1.9703664675e+49               0 3.4254622439e+48               0
                0        0     6.92752e+11          0      42.8830225  5.105446648e-05 2.0034387352e+11 9.1370882105e+35 9.8927772073e+38    76690.820629 1.9755437557e+49               0 1.9705704446e+49               0 3.4242543472e+48               0
                0        0     6.92752e+11          0      42.8830225  6.011939383e-05 2.0034387352e+11 1.0759415238e+36 9.8943995343e+38    76693.964588 1.9758619892e+49               0 1.9705704446e+49               0 3.4245655407e+48               0
                0        0     6.94069e+11          0    42.884213639  2.7137788416e-05 2.002311087e+11 4.8596512648e+35 9.8890488433e+38    76705.183887 1.9747729803e+49               0 1.9706788719e+49               0 3.4218208591e+48               0
                0        0     6.94069e+11          0    42.884213639  2.1587445834e-05 2.002311087e+11 3.8657335241e+35 9.8880549255e+38    76703.256464 1.974578028e+49               0 1.9706788719e+49               0 3.4216302783e+48               0
                0        0     6.94069e+11          0    42.884213639  3.6420003541e-05 2.002311087e+11 6.5218474534e+35 9.8907110395e+38    76708.406922 1.9750990075e+49               0 1.9706788719e+49               0 3.4221395542e+48               0
                0        0     6.99336e+11          0    42.887195888  1.6986191381e-05 1.9978078762e+11 3.0488404474e+35 9.8886128108e+38    76790.738386 1.9745276594e+49               0 1.9709503536e+49               0 3.4148709495e+48               0
                0        0     7.00653e+11          0    42.887782538  1.3365670948e-05 1.9966874001e+11 2.4003746612e+35 9.8882347941e+38    76811.547502 1.9744131804e+49               0 1.9710037599e+49               0 3.4130890203e+48               0
                0        0      7.0197e+11          0     42.88826471  1.0985346093e-05 1.9955682485e+11 1.9740147221e+35 9.8880307211e+38     76832.68673 1.9743326135e+49               0 1.9710476555e+49               0 3.4113419334e+48               0
                0        0     7.04603e+11          0    42.888967785  8.0091070565e-06 1.9933325731e+11 1.4408364389e+35 9.8878216736e+38    76875.355212 1.9742098787e+49               0 1.9711116623e+49               0 3.4078884232e+48               0
                0        0     7.04603e+11          0    42.888967785  5.0680129552e-06 1.9933325731e+11 9.1173431532e+34 9.8872925714e+38    76874.326782 1.9741061997e+49               0 1.9711116623e+49               0 3.4077875185e+48               0
                0        0     7.11187e+11          0    42.888990778  1.0476724463e-07 1.9877563232e+11 1.8900485468e+33 9.8864103376e+38    76980.361667 1.9737252548e+49               0 1.9711137555e+49               0 3.3990973946e+48               0
                0        0     7.20404e+11          0    42.889021932  1.0139799137e-07 1.9799938942e+11 1.8364385354e+33 9.8864241642e+38    77131.139117 1.9734280213e+49               0 1.9711165918e+49               0 3.3872167641e+48               0
                0        0     7.32255e+11          0    42.894720236  1.4424978085e-05 1.9700940413e+11 2.6260125551e+35 9.8916590345e+38    77334.924647 1.9740510425e+49               0 1.9716353939e+49               0 3.3730110302e+48               0
                0        0     7.32255e+11          0    42.894720236  9.4311564601e-06 1.9700940413e+11 1.7169062669e+35 9.8907499282e+38    77333.147693 1.9738733734e+49               0 1.9716353939e+49               0 3.3728401631e+48               0
                0        0     7.32255e+11          0    42.894720236  2.1122102578e-05 1.9700940413e+11 3.845198671e+35 9.8928782207e+38    77337.307496 1.9742893086e+49               0 1.9716353939e+49               0 3.3732401619e+48               0
                0        0     7.38839e+11          0    42.900941243  2.8346711194e-05 1.9646470096e+11 5.1754691249e+35 9.8970771053e+38    77452.659301 1.9748799982e+49               0 1.9722018604e+49               0 3.3656483302e+48               0
                0        0      7.4279e+11          0    42.905103534  3.1609909049e-05 1.9613960892e+11  5.78138178e+35 9.8996025551e+38    77521.764312 1.9752329446e+49               0 1.9725809101e+49               0 3.3611127725e+48               0
                0        0     7.52007e+11          0    42.914300594  2.9933876506e-05 1.953837003e+11 5.4971985739e+35 9.9035604692e+38    77679.341484 1.9756703935e+49               0 1.9734185883e+49               0 3.3501870029e+48               0
                0        0     7.63858e+11          0    42.971704531  0.00014531524813 1.9442148484e+11 2.6854326635e+36 9.9514154227e+38    77965.226918 1.9845472007e+49               0 1.978650871e+49               0 3.3441354134e+48               0
                0        0     7.74392e+11          0    43.035849464  0.00018267721377 1.9357302838e+11 3.3957418591e+36 9.9881699073e+38    78207.953037 1.991278434e+49               0 1.984505476e+49               0 3.3376635076e+48               0
                0        0     8.20479e+11          0    43.433559201   0.000258886971 1.9432499784e+11 4.8380649692e+36 1.0187424159e+39    78442.896639 2.0303873541e+49               0 2.0209908752e+49               0 3.3857782237e+48               0
                0        0     8.48131e+11          0    43.654661408  0.00023987544707 1.9492782922e+11 4.4916646985e+36 1.0287450217e+39    78513.054644 2.0501327572e+49               0 2.0414128671e+49               0 3.4134746438e+48               0
                0        0     8.67882e+11          0    43.834651966  0.00027338235345 1.9541769166e+11 5.1273022043e+36 1.0378441764e+39    78587.407049 2.0680603983e+49               0 2.0581105592e+49               0 3.4377468722e+48               0
                0        0        8.85e+11          0    43.990643783  0.00027338235345 1.958416049e+11 5.1344105254e+36 1.0452145014e+39    78641.309738 2.0825952723e+49               0 2.0726348356e+49               0 3.4578454788e+48               0
                0        0     9.28454e+11          0    44.212909969  0.0001534516178 1.9644460971e+11 2.887654359e+36 1.0535044698e+39     78675.75121 2.0990147764e+49               0 2.0934147608e+49               0 3.4824952335e+48               0
                0        0     9.48205e+11          0    44.381509896  0.0002560814602 1.9690123056e+11 4.8261024203e+36 1.0634709648e+39    78769.675274 2.1185988895e+49               0 2.109243881e+49               0 3.5078125243e+48               0
                0        0     9.58739e+11          0    44.479619735  0.00027940526873 1.9716663103e+11 5.2701987689e+36 1.0686007186e+39    78811.395686 2.1286949515e+49               0 2.118481393e+49               0 3.5213340331e+48               0
                0        0     9.73224e+11          0    44.679315707  0.0004136077173 1.9770613159e+11 7.8151939747e+36 1.0807150173e+39    78925.908245 2.1524811723e+49               0 2.1373437118e+49               0 3.5518385915e+48               0
                0        0     9.83758e+11          0    44.812425544  0.00037908114143 1.9806522017e+11 7.1711228731e+36 1.0864732939e+39    78959.159068 2.1638479729e+49               0 2.1499612944e+49               0 3.5680203125e+48               0
                0        0     9.91659e+11          0    44.950856468  0.00052564662633 1.9843822238e+11 9.9556880109e+36 1.0959363446e+39    79056.126128 2.1823917708e+49               0 2.1631211569e+49               0 3.5910414565e+48               0
                0        0     9.98243e+11          0    45.066215571  0.00052564662633 1.9874871546e+11 9.9656445908e+36 1.101527441e+39    79094.908125 2.1934026007e+49               0 2.1741172119e+49               0 3.6061290651e+48               0
                0        0     1.01273e+12          0    45.421984741  0.00073686451003 1.9970433442e+11 1.4012996383e+37 1.1228771952e+39    79285.027456 2.2352906107e+49               0 2.208198039e+49               0 3.6599164428e+48               0
                0        0     1.02458e+12          0    45.618621222  0.00049777559227 2.0023125998e+11 9.4821894152e+36 1.1279679457e+39    79270.228562 2.2454740808e+49               0 2.2271441469e+49               0 3.6777658179e+48               0
                0        0      1.0338e+12          0    45.791035111  0.00056115937359  2.00692548e+11 1.0705333216e+37 1.1376616173e+39    79348.644847 2.264506337e+49               0 2.2438204138e+49               0 3.7026624871e+48               0
                0        0     1.04696e+12          0    46.053981098  0.00059907136618 2.0139474972e+11 1.1454136384e+37 1.1513902292e+39    79448.083194 2.2914886804e+49               0 2.2693682952e+49               0 3.7387527018e+48               0
                0        0     1.05618e+12          0    46.252631288  0.00064655125521 2.0192421205e+11 1.2382711678e+37 1.1621740613e+39    79528.988176 2.3126644635e+49               0 2.288761373e+49               0 3.7667306566e+48               0
                0        0     1.07198e+12          0    46.571623332  0.00060563451677 2.0277256982e+11 1.1630209658e+37 1.1773358566e+39    79620.032612 2.342505847e+49               0 2.3200686533e+49               0 3.8078652418e+48               0
                0        0     1.08252e+12          0    46.731820604  0.00045622296636 2.0319775864e+11 8.7727486316e+36 1.1825117872e+39    79623.960204 2.3527898484e+49               0 2.3358682145e+49               0 3.8242593091e+48               0
                0        0     1.09437e+12          0    46.898807827  0.00042271995227 2.0364036441e+11 8.1398319412e+36 1.1902821214e+39    79667.723205 2.3680884226e+49               0 2.3523922863e+49               0 3.8455050954e+48               0
                0        0     1.10885e+12          0    47.102903321  0.00042271995227 2.0418049323e+11 8.1536286717e+36 1.2006072633e+39    79734.261892 2.388380784e+49               0 2.3726643755e+49               0 3.8729156897e+48               0
                0        0     1.12465e+12          0    47.359433649  0.00048704544307 2.0485809545e+11 9.4142907669e+36 1.2148919002e+39    79838.010241 2.4163992602e+49               0 2.398263159e+49               0 3.9096323121e+48               0
                0        0     1.12992e+12          0    47.439532285  0.00045622296636 2.0506937548e+11 8.8243248554e+36 1.2183830121e+39    79854.136042 2.4232805144e+49               0 2.4062831197e+49               0 3.919409865e+48               0
                0        0      1.1444e+12          0    47.672136778  0.0004817674206 2.0568214033e+11 9.3362015149e+36 1.2307853321e+39    79937.239674 2.4476205329e+49               0 2.4296457933e+49               0 3.9517307963e+48               0
                0        0     1.14967e+12          0    47.749659489  0.00044155110282 2.0588610414e+11 8.5622710291e+36 1.2339871848e+39    79949.546651 2.4539390675e+49               0 2.4374562242e+49               0 3.9608876462e+48               0
                0        0     1.15362e+12          0    47.800122536  0.00038323418022 2.0601880405e+11 7.4344892616e+36 1.2354508917e+39    79947.484212 2.4568580394e+49               0 2.4425468577e+49               0 3.9657743665e+48               0
                0        0     1.15625e+12          0    47.826883949  0.00030485340148 2.0608915489e+11 5.9152451354e+36 1.2353070689e+39    79931.511121 2.4566355078e+49               0 2.4452485773e+49               0 3.966772538e+48               0
                0        0     1.15889e+12          0    47.849363939  0.0002560814602 2.061482388e+11 4.9698059504e+36 1.2355175993e+39    79923.460689 2.4570861397e+49               0 2.4475191713e+49               0 3.968184701e+48               0
                0        0     1.17732e+12          0    47.856415057  1.1474716668e-05 2.0616676894e+11 2.2270410505e+35 1.231133193e+39    79848.872629 2.4486603819e+49               0 2.4482315788e+49               0 3.9609063768e+48               0
                0        0     1.18654e+12          0     47.97807467  0.0003959682886 2.0648631957e+11 7.6926627477e+36 1.2448694983e+39    80008.692965 2.4753419366e+49               0 2.4605391016e+49               0 3.9903762077e+48               0
                0        0     1.19181e+12          0     48.06837259  0.0005143156836 2.0672329143e+11 9.9991832962e+36 1.2518372989e+39    80074.480034 2.4889288215e+49               0 2.4696931272e+49               0 4.0066344691e+48               0
                0        0     1.20102e+12          0     48.22639395  0.0005143156836 2.0713757485e+11 1.0011990391e+37 1.2600284359e+39     80124.90063 2.5050063695e+49               0 2.4857519523e+49               0 4.0281703673e+48               0
                0        0     1.20629e+12          0    48.483407009  0.0014638858523 2.0781025509e+11 2.8556049287e+37 1.2919314296e+39    80496.730127 2.566818865e+49               0 2.5119774921e+49               0 4.094963833e+48               0
                0        0     1.21551e+12          0    49.100318535  0.0020078758611 2.094192474e+11 3.9361290395e+37 1.3350920449e+39    80848.388119 2.6509324392e+49               0 2.5754660954e+49               0 4.1976929881e+48               0
                0        0     1.22736e+12          0    49.684933281   0.001479923513 2.1093674466e+11 2.914583459e+37 1.3559156107e+39    80869.341451 2.6921782519e+49               0 2.6363326415e+49               0 4.2611129138e+48               0
                0        0     1.22999e+12          0    49.795258907   0.001256777565 2.1122233655e+11 2.477258491e+37 1.3574410998e+39    80837.372381 2.6953613805e+49               0 2.6478956018e+49               0 4.2690415716e+48               0
                0        0      1.2537e+12          0    49.812129474  2.1353506628e-05 2.1126598639e+11 4.2095869521e+35 1.3339926393e+39    80477.676353 2.650473361e+49               0 2.6496659057e+49               0 4.2301366551e+48               0
                0        0      1.2616e+12          0    50.806928577  0.0037774275957 2.1382976561e+11 7.504394977e+37 1.4624130914e+39     81853.13121 2.8982590073e+49               0 2.7550578752e+49               0 4.493246624e+48               0
                0        0     1.26555e+12          0    51.257866623  0.0034245825403 2.1498545923e+11 6.8269045658e+37 1.4803747297e+39    81882.337737 2.9336870699e+49               0 2.8034808571e+49               0 4.545392702e+48               0
                0        0     1.26686e+12          0    51.358307275  0.0022883452018 2.1524233438e+11 4.5652997841e+37 1.4632981936e+39    81596.442288   2.9014624e+49               0 2.8143215512e+49               0 4.5224827733e+48               0
                0        0     1.27213e+12          0    51.751409411  0.0022390171797 2.162458077e+11 4.4801924011e+37 1.4842317978e+39    81696.498951 2.9424009868e+49               0 2.8569424904e+49               0 4.5766747178e+48               0
                0        0     1.27476e+12          0    51.906066617  0.0017617820381 2.1663978636e+11 3.5293670993e+37 1.4833397679e+39    81609.912395 2.9411250404e+49               0 2.8737949347e+49               0 4.583008363e+48               0
                0        0     1.28003e+12          0    52.183449455  0.0015799073178 2.1734525521e+11 3.1716042018e+37 1.4952800309e+39    81640.830222 2.964623045e+49               0 2.9041393913e+49               0 4.6166273986e+48               0
                0        0     1.29715e+12          0     52.22518662  7.3146173891e-05 2.1745127879e+11 1.4688397013e+36 1.4673749291e+39    81237.425488 2.911522984e+49               0 2.9087184787e+49               0 4.5725760052e+48               0
                0        0     1.30373e+12          0    54.041798806  0.0082775961279 2.168309779e+11 1.7249537482e+38 1.7421559139e+39    84920.579987 3.4292368043e+49               0 3.1113710946e+49               0 4.9916121592e+48               0
                0        0      1.3248e+12          0    55.200757095  0.0016502883642 2.2492702369e+11 3.3863199499e+37 1.6715702409e+39    82520.566436 3.3082973287e+49               0 3.2440720271e+49               0 5.0580714599e+48               0
                0        0     1.33138e+12          0    55.401845377  0.00091628119678 2.2542648875e+11 1.882837384e+37 1.6684890025e+39    82391.085525 3.3030848747e+49               0 3.2673667999e+49               0 5.0637077596e+48               0
                0        0      1.3406e+12          0    55.528924632  0.0004136077173 2.257417649e+11 8.5066925016e+36 1.6657438946e+39    82299.644728 3.298269502e+49               0 3.2821292593e+49               0 5.0659549206e+48               0
                0        0     1.34719e+12          0    55.554018287  0.00011434204094 2.258039875e+11 2.3520934056e+36 1.6610874529e+39    82230.736866 3.2895117079e+49               0 3.2850480898e+49               0 5.0597596381e+48               0
                0        0     1.35904e+12          0    55.554061991  1.1063328444e-07 2.2580409586e+11 2.275802465e+33 1.6587402451e+39      82201.6526 3.2850574936e+49               0 3.2850531744e+49               0 5.0559718258e+48               0
                0        0     1.36035e+12          0    55.577900442  0.0005431128166 2.2586319586e+11 1.1174072197e+37 1.671335888e+39    82346.484123 3.3090243603e+49               0 3.2878271555e+49               0 5.077521612e+48               0
                0        0     1.36035e+12          0    55.577900442  0.0004136077173 2.2586319586e+11 8.509617805e+36 1.6686714336e+39    82313.645161 3.3039715399e+49               0 3.2878271555e+49               0 5.0732341758e+48               0
                0        0     1.36299e+12          0    55.985771799  0.0046462783762 2.2687285909e+11 9.5866110156e+37 1.780484305e+39    83472.827809 3.5166139556e+49               0 3.3354630925e+49               0 5.2718959363e+48               0
                0        0      1.3722e+12          0    57.612728268  0.0052952919224 2.3087207976e+11 1.1048458475e+38 1.8944360371e+39    84040.018631 3.7368412431e+49               0 3.5287385618e+49               0 5.5374102063e+48               0
                0        0     1.39459e+12          0    57.968312323  0.00047654659509 2.3174024736e+11 9.9668819682e+36 1.816007282e+39    83000.464777 3.5905026917e+49               0 3.5716737387e+49               0 5.4352643531e+48               0
                0        0     1.40249e+12          0    58.070344118  0.00038743271779 2.3198897681e+11 8.1086414519e+36 1.8205123703e+39    83007.358707 3.5993562474e+49               0 3.584039481e+49               0 5.4478913905e+48               0
                0        0     1.40907e+12          0    58.092123583  9.924055912e-05 2.3204204792e+11 2.0773253417e+36 1.8158408045e+39    82944.569781 3.590606337e+49               0 3.5866816908e+49               0 5.4416990479e+48               0
                0        0     1.41566e+12          0     58.11102657  8.6133573388e-05 2.320881035e+11 1.8031957986e+36 1.8167472525e+39    82946.687903 3.5923823521e+49               0 3.5889756914e+49               0 5.4441524445e+48               0
                0        0     1.43014e+12          0     58.11322088  4.5448248316e-06 2.3209344937e+11 9.5146751794e+34 1.8151762729e+39    82927.795583 3.5894217954e+49               0 3.5892420306e+49               0 5.4417894171e+48               0
                0        0     1.43014e+12          0     58.11322088  5.1796668798e-06 2.3209344937e+11 1.0843728796e+35 1.8151895635e+39     82927.94738 3.5894469057e+49               0 3.5892420306e+49               0 5.4418104177e+48               0
                0        0     1.43541e+12          0    58.113828544  3.4611126209e-06 2.3209492978e+11 7.2459330916e+34 1.8151915447e+39    82927.705532 3.5894526894e+49               0 3.5893157889e+49               0 5.4418463797e+48               0
                0        0     1.43936e+12          0    58.113923453  7.2077474734e-07  2.32095161e+11 1.5089624326e+34 1.8151401038e+39    82927.076694 3.5893558186e+49               0 3.589327309e+49               0 5.4417702238e+48               0
                0        0     1.44331e+12          0    58.114612967  5.2364129299e-06 2.320968408e+11 1.0962630121e+35 1.8152777131e+39    82928.348267 3.5896181243e+49               0 3.5894110032e+49               0 5.442024917e+48               0
                0        0     1.44331e+12          0    58.114612967  5.2364129299e-06 2.320968408e+11 1.0962630121e+35 1.8152777131e+39    82928.348267 3.5896181243e+49               0 3.5894110032e+49               0 5.442024917e+48               0
                0        0     1.45253e+12          0    58.116204398  5.1796668798e-06 2.3210071783e+11 1.0843945911e+35 1.8153759421e+39    82928.777473 3.5898090552e+49               0 3.589604177e+49               0 5.4422661128e+48               0
                0        0     1.45648e+12          0    58.427538684  0.0023643823544 2.3285839331e+11 4.9603024555e+37 1.8843717597e+39    83569.452987 3.7209938755e+49               0 3.627490711e+49               0 5.5672418956e+48               0
                0        0     1.46438e+12          0    59.168797469  0.0028146903043 2.346560408e+11 5.9341206928e+37 1.9409599633e+39    83866.812234 3.8301443815e+49               0 3.7184605464e+49               0 5.6957740152e+48               0
                0        0      1.4736e+12          0    59.864262837   0.002263546823 2.3633466385e+11 4.7939604862e+37 1.9740511118e+39    83922.371263 3.8949457067e+49               0 3.8047896422e+49               0 5.7855695123e+48               0
                0        0      1.4736e+12          0    59.864262837  0.0010907913417 2.3633466385e+11 2.3101844139e+37 1.9492133511e+39    83657.136031 3.8482717574e+49               0 3.8047896422e+49               0 5.7473335511e+48               0
                0        0     1.48018e+12          0    59.916335733  0.00023727596068 2.3646004369e+11 5.0269663081e+36 1.9344907847e+39    83476.579354 3.8207583083e+49               0 3.8112916374e+49               0 5.7274097263e+48               0
                0        0     1.48808e+12          0    59.946448119  0.00011434204094 2.3653252816e+11 2.4229434377e+36 1.9338266455e+39    83456.623328 3.8196169942e+49               0 3.8150539922e+49               0 5.7280452486e+48               0
                0        0      1.4973e+12          0    59.981198527  0.00011310293713 2.3661615932e+11 2.3972281881e+36 1.9360408134e+39    83465.747601 3.8239123557e+49               0 3.8193980447e+49               0 5.7334125348e+48               0
                0        0      1.4973e+12          0    59.981198527  0.00010142693828 2.3661615932e+11 2.1497542119e+36 1.9357933395e+39    83463.080226 3.823446362e+49               0 3.8193980447e+49               0 5.7330278035e+48               0
                0        0     1.51047e+12          0    60.023356626  9.6049040829e-05 2.3671759263e+11 2.036327044e+36 1.9383990105e+39    83473.262526 3.8285057413e+49               0 3.8246712848e+49               0 5.7394141036e+48               0
                0        0     1.54865e+12          0    60.024425273  8.3955346174e-07 2.3672016346e+11 1.7799420742e+34 1.936449433e+39    83451.812789 3.824838518e+49               0 3.824804999e+49               0 5.7364422589e+48               0
                0        0     1.55524e+12          0    60.024585188  7.2867122425e-07 2.3672054816e+11 1.5448616164e+34 1.9364574001e+39    83451.830815 3.8248541006e+49               0 3.8248250086e+49               0 5.7364635061e+48               0
                0        0     1.55787e+12          0    60.024640706  6.3243352241e-07 2.3672068172e+11 1.3408277884e+34 1.9364589419e+39    83451.823884 3.8248572051e+49               0 3.8248319553e+49               0 5.7364689786e+48               0
                0        0     1.56182e+12          0    60.024728646  6.6784421051e-07 2.3672089327e+11 1.415903104e+34 1.9364653667e+39    83451.855813 3.8248696224e+49               0 3.8248429589e+49               0 5.7364838409e+48               0
                0        0     1.57235e+12          0    60.024941247  6.0546167069e-07 2.3672140472e+11 1.2836470386e+34 1.9364777615e+39    83451.899201 3.8248937339e+49               0 3.8248695609e+49               0 5.736514892e+48               0
                0        0      1.5763e+12          0      60.0250448  7.864226556e-07 2.3672165383e+11 1.667305861e+34 1.9364882796e+39    83451.968608 3.8249139161e+49               0 3.8248825182e+49               0 5.7365369849e+48               0
                0        0     1.57762e+12          0    60.025151996  2.4422488613e-06 2.3672191171e+11 5.1778501642e+34 1.9365303015e+39    83452.375878 3.8249934378e+49               0 3.8248959313e+49               0 5.7366082747e+48               0
                0        0     1.58025e+12          0    60.025380872  2.6072474786e-06 2.3672246231e+11 5.527674544e+34 1.9365485674e+39    83452.475611 3.8250286642e+49               0  3.82492457e+49               0 5.7366493577e+48               0
                0        0      1.5842e+12          0    60.025702459  2.4422488613e-06 2.3672323594e+11 5.1778686828e+34 1.936565819e+39    83452.525103 3.8250623164e+49               0 3.8249648096e+49               0 5.736693998e+48               0
                0        0     1.59737e+12          0    60.026910915  2.7532302958e-06 2.3672614305e+11 5.8372334948e+34 1.9366503864e+39    83452.923728 3.8252259463e+49               0 3.825116023e+49               0 5.7368924452e+48               0
                0        0     1.61054e+12          0    60.028106274  2.7233940421e-06 2.3672901864e+11 5.7740213044e+34 1.9367268845e+39    83453.240954 3.8253743333e+49               0 3.8252656006e+49               0 5.7370776178e+48               0
                0        0     1.61712e+12          0    60.028765534  3.0039935343e-06 2.3673060457e+11 6.3689633924e+34 1.9367753732e+39    83453.483751 3.8254680324e+49               0 3.8253480962e+49               0 5.7371895389e+48               0
                0        0     1.62371e+12          0    60.029865714  5.0130918248e-06 2.3673325116e+11 1.0628660203e+35 1.9368889612e+39     83454.24082 3.8256859189e+49               0 3.8254857677e+49               0 5.7374271186e+48               0
                0        0     1.63292e+12          0    60.031583275  5.5901855969e-06 2.3673738289e+11 1.1852335495e+35 1.9370120291e+39    83454.838169 3.825923894e+49               0 3.8257007001e+49               0 5.7377136345e+48               0
                0        0     1.63687e+12          0    60.031859365  2.0967233013e-06 2.3673804704e+11 4.4454897161e+34 1.9369557766e+39    83454.115199 3.8258189642e+49               0 3.8257352501e+49               0 5.7376414483e+48               0
                0        0     1.64478e+12          0    60.032780848  3.4990309802e-06 2.3674026371e+11 7.4187182198e+34 1.937044972e+39    83454.685224 3.8259902689e+49               0 3.8258505655e+49               0 5.7378311962e+48               0
                0        0     1.64741e+12          0     60.03312712  3.9445767601e-06 2.3674109669e+11 8.3633924577e+34 1.937076764e+39    83454.880831 3.8260513916e+49               0 3.825893899e+49               0 5.7378998153e+48               0
                0        0     1.65663e+12          0    60.037278657  1.3512099097e-05 2.3675108324e+11 2.8649470474e+35 1.937547536e+39    83458.190667 3.8269529471e+49               0 3.826413451e+49               0 5.7388618344e+48               0
                0        0     1.66189e+12          0    60.041840015  2.5980423445e-05 2.3676205531e+11 5.5087475543e+35 1.9381062958e+39    83462.273061 3.8280216608e+49               0 3.8269843299e+49               0 5.7399833141e+48               0
                0        0     1.67243e+12          0    60.060565796  5.3328819369e-05 2.3680709563e+11 1.1308927784e+36 1.9398950674e+39    83473.584835 3.8314578209e+49               0 3.8293283901e+49               0 5.7438016389e+48               0
                0        0      1.6856e+12          0    60.119664067  0.00013464393352 2.3694920627e+11 2.8563592697e+36 1.9454378134e+39     83508.09375 3.8421082774e+49               0 3.8367307072e+49               0 5.7556897473e+48               0
                0        0      1.7014e+12          0    60.257515563  0.00026172321769 2.3728047925e+11 5.5572024135e+36 1.9570573614e+39    83574.106907 3.8644827327e+49               0 3.8540237694e+49               0 5.7813739703e+48               0
                0        0     1.70798e+12          0    60.341620643  0.00038323418022 2.3748244824e+11 8.141687763e+36 1.9650933035e+39    83624.184614 3.8799123661e+49               0 3.8645927614e+49               0 5.7985017385e+48               0
                0        0     1.72773e+12          0    60.672938542  0.00050322899292 2.3827700554e+11 1.0713794309e+37 1.9892144869e+39    83739.660828 3.9265084952e+49               0 3.9063621148e+49               0 5.8542786891e+48               0
                0        0     1.75538e+12          0    60.916821576  0.00026459053699 2.3886079818e+11 5.6419783815e+36 2.0000803376e+39    83751.246878 3.9478523305e+49               0 3.9372456362e+49               0 5.8847061836e+48               0
                0        0     1.76723e+12          0    60.998173438  0.00020593824293 2.3905533057e+11 4.3935963539e+36 2.0041624903e+39    83759.847366 3.9558322741e+49               0 3.9475732771e+49               0 5.8955636021e+48               0
                0        0     1.78699e+12          0    61.102560551  0.00015855050937 2.3930479779e+11 3.3848575769e+36 2.0100040786e+39    83777.113473 3.9672060731e+49               0 3.9608441876e+49               0 5.9104264136e+48               0
                0        0     1.79884e+12          0    61.198356766  0.00024250341224 2.3953358803e+11 5.1803123786e+36 2.0180963959e+39    83821.248971 3.9827759822e+49               0 3.9730416508e+49               0 5.9282695569e+48               0
                0        0     1.80937e+12          0     61.29435173  0.00027338235345 2.3976271287e+11 5.8435133968e+36 2.0250794188e+39    83853.569402 3.9962609492e+49               0 3.9852823974e+49               0 5.9444130111e+48               0
                0        0     1.88838e+12          0    61.476770938  6.9267789818e-05 2.4019773347e+11 1.4823072321e+36 2.0327550652e+39    83856.874504 4.0113775089e+49               0 4.0085930657e+49               0 5.9664957691e+48               0
                0        0     1.90945e+12          0    61.492955523  2.3045896187e-05 2.4023630501e+11 4.9322500125e+35 2.0328356434e+39    83850.973284 4.0115908749e+49               0 4.0106643707e+49               0 5.9675328009e+48               0
                0        0      1.9213e+12          0    61.509531809  4.1962052338e-05 2.4027580596e+11 8.981602979e+35 2.0343364189e+39    83859.551068 4.0144734261e+49               0 4.0127863355e+49               0 5.9707740104e+48               0
                0        0     1.93446e+12          0    61.525003286  3.5248757545e-05 2.4031267042e+11 7.5454221658e+35  2.03521587e+39    83862.179739 4.016184646e+49               0 4.0147673554e+49               0 5.9729982578e+48               0
                0        0       1.945e+12          0    61.542544014  4.9953926294e-05 2.4035446099e+11 1.0694429959e+36 2.0366909826e+39    83870.079095 4.0190225975e+49               0 4.0170138941e+49               0 5.9762541929e+48               0
                0        0     1.95553e+12          0     61.55590216  3.8042426533e-05 2.403862835e+11 8.1450355111e+35 2.0373198246e+39    83871.000206 4.0202549857e+49               0 4.0187251491e+49               0 5.9779742293e+48               0
                0        0      1.9687e+12          0     61.56487498  2.0442828123e-05 2.4040765753e+11 4.3771399875e+35 2.037536789e+39    83869.504516 4.0206969457e+49               0 4.0198748142e+49               0 5.9788141301e+48               0
                0        0     1.97923e+12          0    61.572455155  2.1587445834e-05 2.4042571322e+11 4.6224430887e+35 2.0380629858e+39    83871.769335 4.0217143592e+49               0 4.0208461657e+49               0 5.9800502836e+48               0
                0        0     1.99372e+12          0    61.575432269  6.1661592588e-06 2.4043280435e+11 1.3203626746e+35 2.0379298242e+39    83869.162499 4.0214756883e+49               0 4.0212276946e+49               0 5.9800139197e+48               0
                0        0     2.00162e+12          0    61.577635457  8.3658933874e-06 2.4043805199e+11 1.7914178085e+35 2.0381227584e+39    83870.232173 4.0218465197e+49               0 4.021510053e+49               0 5.9804346361e+48               0
                0        0     2.01084e+12          0    61.578887682  4.075647188e-06 2.4044103457e+11 8.7273940995e+34 2.0381137775e+39    83869.619592 4.0218344606e+49               0 4.0216705413e+49               0 5.9804915628e+48               0
                0        0     2.02137e+12          0    61.580318797  4.075647188e-06 2.4044444319e+11 8.7274732018e+34 2.0382085083e+39    83869.999641 4.0220178806e+49               0 4.0218539601e+49               0 5.9807178645e+48               0
                0        0     2.02927e+12          0    61.581582709  4.7992948571e-06 2.4044745355e+11 1.0277153688e+35 2.0383076692e+39    83870.494686 4.0222089789e+49               0 4.0220159527e+49               0 5.9809415263e+48               0
                0        0     2.03586e+12          0    61.581973476  1.7805749973e-06 2.4044838426e+11 3.8129118403e+34 2.0382688938e+39    83869.933489 4.0221376515e+49               0 4.0220660371e+49               0 5.9809040477e+48               0
                0        0     2.04507e+12          0    61.582646384  2.1901272486e-06 2.4044998696e+11 4.689944382e+34 2.0383222079e+39    83870.202405 4.0222403707e+49               0 4.0221522838e+49               0 5.9810239255e+48               0
                0        0     2.05166e+12          0     61.58300065  1.6142535874e-06 2.4045083073e+11  3.45677473e+34 2.0383333275e+39    83870.169632 4.022262616e+49               0 4.0221976906e+49               0 5.9810610093e+48               0
                0        0     2.05824e+12          0     61.58350271  2.2876921157e-06 2.4045202651e+11 4.8988966176e+34 2.0383809836e+39    83870.451301 4.022354052e+49               0 4.0222620407e+49               0 5.9811625492e+48               0
                0        0     2.06351e+12          0     61.58386684  2.074001494e-06 2.4045289377e+11 4.4413067055e+34 2.0384005122e+39    83870.500928 4.0223921291e+49               0 4.0223087124e+49               0 5.981213104e+48               0
                0        0     2.07009e+12          0    61.584695603  3.7763495304e-06 2.4045486766e+11 8.0867899879e+34 2.0384918296e+39    83871.095982 4.0225668243e+49               0 4.0224149383e+49               0 5.9814001442e+48               0
                0        0     2.08721e+12          0    61.587046643  4.1202981057e-06 2.4046046713e+11 8.8234633157e+34 2.0386548349e+39    83871.796036 4.0228820096e+49               0 4.0227162881e+49               0 5.9817832467e+48               0
                0        0     2.09906e+12          0    61.588474795  3.6152968094e-06 2.4046386853e+11 7.7420920633e+34 2.0387385676e+39    83872.064033 4.0230447609e+49               0  4.02289935e+49               0 5.9819924908e+48               0
                0        0     2.10696e+12          0    61.589502356  3.9018301025e-06 2.4046631582e+11 8.3557522445e+34 2.0388127321e+39    83872.399989 4.0231880025e+49               0 4.0230310662e+49               0 5.9821644161e+48               0
                0        0     2.10959e+12          0    61.589733739  2.6358112839e-06 2.4046686689e+11 5.6445867047e+34 2.0388009389e+39    83872.182598 4.0231667417e+49               0 4.023060726e+49               0 5.9821593752e+48               0
                0        0     2.12013e+12          0    61.590777125  2.9714398052e-06 2.4046935186e+11 6.3633768229e+34 2.0388772038e+39    83872.533567 4.0233139889e+49               0 4.0231944732e+49               0 5.9823354197e+48               0
                0        0     2.13461e+12          0     61.59209202  2.7233940421e-06 2.4047248344e+11 5.8322321679e+34 2.0389589461e+39    83872.828079 4.0234725667e+49               0 4.0233630271e+49               0 5.9825352106e+48               0
                0        0     2.15832e+12          0    61.592464335  4.7124781575e-07 2.4047337014e+11 1.0091940817e+34 2.0389353654e+39    83872.430947 4.0234297085e+49               0 4.023410754e+49               0 5.9825200295e+48               0
                0        0      2.1649e+12          0    61.592577175  5.1416889961e-07 2.4047363888e+11 1.1011119073e+34 2.0389437554e+39    83872.470362 4.0234458999e+49               0 4.023425219e+49               0 5.9825392867e+48               0
                0        0     2.17017e+12          0    61.592634923  3.2892090636e-07 2.4047377642e+11 7.0439666668e+33 2.0389436116e+39    83872.444899 4.0234458516e+49               0 4.0234326218e+49               0 5.9825423276e+48               0
                0        0     2.18202e+12          0    61.593232247  1.5120961926e-06  2.40475199e+11 3.2382239185e+34 2.0390084972e+39    83872.864077 4.0235700129e+49               0 4.0235091934e+49               0 5.9826757036e+48               0
                0        0     2.19387e+12          0    61.593928006  1.7612792314e-06 2.4047685601e+11 3.7718775353e+34 2.0390598987e+39    83873.103694 4.0236692266e+49               0 4.0235983843e+49               0 5.9827939331e+48               0
                0        0     2.22284e+12          0     61.59516797  1.284099181e-06 2.4047980907e+11 2.7499914803e+34 2.0391317769e+39    83873.327848  4.02380899e+49               0 4.0237573405e+49               0 5.9829743447e+48               0
                0        0     2.23864e+12          0    61.595844315  1.284099181e-06 2.4048141983e+11 2.7500032568e+34 2.0391765579e+39    83873.507431 4.0238956948e+49               0 4.0238440452e+49               0 5.9830813114e+48               0
                0        0     2.25576e+12          0    61.596446531  1.0554108339e-06 2.4048285403e+11 2.2602571048e+34 2.0392115338e+39    83873.616971 4.0239636991e+49               0 4.0239212478e+49               0 5.9831690347e+48               0
                0        0     2.26497e+12          0    61.596788958  1.1145045133e-06 2.4048366954e+11 2.3868167024e+34 2.039235472e+39    83873.720905 4.0240099746e+49               0 4.0239651463e+49               0 5.9832251348e+48               0
                0        0     2.28604e+12          0    61.597404822  8.7695353606e-07 2.4048513624e+11 1.8780861664e+34 2.0392711622e+39    83873.832116 4.024079373e+49               0 4.0240440995e+49               0 5.9833147259e+48               0
                0        0     2.29789e+12          0    61.597770642  9.2605518398e-07 2.4048600744e+11 1.9832469876e+34 2.0392964356e+39    83873.940059 4.0241282462e+49               0 4.0240909976e+49               0 5.9833741977e+48               0
                0        0     2.31633e+12          0    61.598233283  7.5288351748e-07 2.4048710923e+11 1.6123859221e+34 2.0393233598e+39    83874.024764 4.0241805918e+49               0 4.0241503086e+49               0 5.9834416733e+48               0
                0        0     2.32949e+12          0    61.598574721  7.7790033697e-07 2.4048792237e+11 1.6659658957e+34 2.0393465034e+39    83874.120929 4.024225371e+49               0 4.0241940815e+49               0 5.9834964974e+48               0
                0        0     2.34925e+12          0    61.598986592  6.2557995589e-07 2.4048890325e+11 1.3397572153e+34 2.0393705129e+39    83874.196744 4.0242720473e+49               0 4.0242468845e+49               0 5.9835566297e+48               0
                0        0     2.37031e+12          0    61.599445494  6.5344802851e-07 2.4048999612e+11 1.3994442219e+34 2.0394014955e+39    83874.324724 4.0243320009e+49               0 4.0243057171e+49               0 5.9836301258e+48               0
                0        0     2.38612e+12          0    61.599719277  5.198018978e-07 2.4049064813e+11 1.1132255231e+34 2.0394167618e+39    83874.367988 4.0243617254e+49               0 4.0243408172e+49               0 5.9836690326e+48               0
                0        0     2.40982e+12          0    61.600129952  5.198018978e-07 2.4049162615e+11 1.1132284175e+34 2.0394439547e+39    83874.477026 4.0244143759e+49               0 4.0243934677e+49               0 5.9837339854e+48               0
                0        0     2.42957e+12          0    61.600396319  4.0457640974e-07 2.404922605e+11 8.6645839083e+33 2.0394591245e+39    83874.522376 4.0244438908e+49               0 4.0244276173e+49               0 5.9837723252e+48               0
                0        0     2.44537e+12          0    61.600609412  4.0457640974e-07 2.4049276798e+11 8.6645955978e+33 2.0394732346e+39    83874.578954 4.0244712106e+49               0 4.0244549371e+49               0 5.9838060284e+48               0
                0        0     2.47171e+12          0    61.600901317  3.3252441266e-07 2.4049346314e+11 7.1215098494e+33 2.0394910203e+39    83874.640592 4.0245057365e+49               0 4.0244923612e+49               0 5.9838498273e+48               0
                0        0     2.49014e+12          0     61.60110565  3.3252441266e-07 2.4049394976e+11 7.1215190621e+33 2.0395045505e+39    83874.694844 4.0245319334e+49               0 4.0245185581e+49               0 5.9838821453e+48               0
