                0        0      3.5232e+08          0    0.7820376576        0.0665904 7.7605669129e+12 5.6106166473e+37 7.3702796655e+37    6437.6317308 1.7115390409e+41               0 3.7366246619e+45               0 1.0070914068e+43               0
                0        0      6.5232e+08          0    1.4479416576        0.0665904 9.5294517056e+12 8.4597889217e+37 1.1113040542e+38    6437.6317308 2.5806894192e+41               0 1.560015647e+46               0 1.5185105778e+43               0
                0        0     1.70023e+09          0    3.7739709658        0.0665904 1.3114459934e+13 1.6022287547e+38 2.1047372781e+38    6437.6317308 4.8876571659e+41               0 1.3079488482e+47               0 2.8759598313e+43               0
                0        0     5.00232e+09          0    11.103549658        0.0665904 1.8791935169e+13 3.2897789036e+38 4.3215553801e+38    6437.6317308 1.0035590352e+42               0 1.2820597797e+48               0 5.9050693935e+43               0
                0        0     6.67284e+09          0    11.350736502        0.0044391 1.0944921391e+13 3.8492053234e+37 7.3492041972e+37    5416.9598447 2.7378019053e+39               0 1.3417872784e+48               0 3.7689672958e+41               0
                0        0     8.33718e+09          0    13.966502011        0.0471496 1.8080158699e+13 3.0452866363e+38 4.0003827712e+38    6437.6317308 9.2897577867e+41               0 2.0566305599e+48               0 5.466211997e+43               0
                0        0     1.16721e+10          0     15.87913924        0.0172057 1.348487067e+13 1.6940150778e+38 2.8667402634e+38    6858.4433336 2.5057944087e+42               0 2.6745669286e+48               0 1.1157357119e+44               0
                0        0     1.33457e+10          0    16.998934955        0.0200727 1.4521880317e+13 1.9645785895e+38 3.5047720421e+38    6949.5291086 3.9905187635e+42               0 3.0734536024e+48               0 1.6799455116e+44               0
                0        0     1.66821e+10          0    19.984430299        0.0268446 1.4959618052e+13 2.9984233965e+38 5.9405104127e+38    7812.6352484 5.9743442636e+43               0 4.2699361312e+48               0 1.5729165374e+45               0
                0        0     2.16767e+10          0    24.693748176        0.0282864 1.0641345494e+13 5.4882375848e+38 1.2346853521e+39    11122.250266 1.8741712081e+46               0 6.5467529518e+48               0 1.5377201352e+47               0
                0        0     2.83596e+10          0    30.351616508        0.0253986 6.6191074507e+12 9.7377120365e+38 2.5391366015e+39     16887.82274 1.5319941271e+48               0 9.9039918827e+48               0 4.3836803581e+48               0
                0        0     3.50163e+10          0     34.85749236        0.0203068 4.2021480387e+12 1.4084162851e+39 4.131575211e+39    23938.399066 1.5140214686e+49               0 1.3056314957e+49               0 2.091973226e+49               0
                0        0     3.67005e+10          0    35.953603404        0.0195246 3.8251970373e+12 1.5343891257e+39 4.6165699807e+39    25796.145118 2.2281192821e+49               0 1.3886693052e+49               0 2.6631008432e+49               0
                0        0     4.16859e+10          0    38.696819754        0.0165075 2.9333420797e+12 1.820784812e+39 5.9568704546e+39    31396.052286 5.111221414e+49               0 1.607308099e+49               0 4.2256473666e+49               0
                0        0     4.33734e+10          0    39.463107879        0.0136229 2.7130887319e+12 1.6567676641e+39 6.1303307208e+39    32880.683616 5.8577281837e+49               0 1.6711354523e+49               0 4.450282797e+49               0
                0        0     4.66884e+10          0    40.772610229        0.0118507 2.3562465983e+12 1.7145751814e+39 6.8121368277e+39    36225.328408 7.9160082671e+49               0 1.7829814123e+49               0 5.0480224012e+49               0
                0        0     5.00463e+10          0    42.064036183        0.0115378 2.0716115055e+12 1.9588013216e+39 7.7335381083e+39    39878.816516 1.0520894701e+50               0 1.8966999009e+49               0 5.6532079542e+49               0
                0        0     5.67192e+10          0    44.064364743       0.00899307 1.6192848575e+12 2.0461477321e+39 8.4542520392e+39    46122.095573 1.3747519678e+50               0 2.0795160384e+49               0 5.7207203316e+49               0
                0        0     5.83605e+10          0    44.556251411        0.0089908 1.5466056632e+12 2.1656693021e+39 8.6453067198e+39    47457.752205 1.4449017664e+50               0 2.1257101407e+49               0 5.7207462588e+49               0
                0        0     6.17238e+10          0    45.797140946        0.0110685 1.4150994724e+12 2.9950558187e+39 9.6551508379e+39    51003.284217 1.7121670538e+50               0 2.2444120808e+49               0 5.9816786844e+49               0
                0        0     6.50301e+10          0    47.255770296         0.013235 1.3190503232e+12 3.9644430335e+39 1.0836660685e+40    54374.471325 2.0030865419e+50               0 2.3879028544e+49               0 6.2649679765e+49               0
                0        0     6.83649e+10          0    49.333584132        0.0186921 1.7093062137e+12 4.5107176884e+39 1.1685103494e+40    48674.339405 1.9971891844e+50               0 2.5996704686e+49               0 7.566794876e+49               0
                0        0     7.00323e+10          0    50.800851668        0.0263992 1.2888606927e+14 8.7000256787e+37 7.4747649114e+39    5013.0063655 3.3103921951e+40               0 2.7543919225e+49               0 7.0052526435e+42               0
                0        0      8.0037e+10          0    56.618584718         0.017445 1.3606611564e+14 6.0693858804e+37  8.29450816e+39    5007.5411543 3.5602652187e+40               0 3.4099916297e+49               0 7.5815289444e+42               0
                0        0     8.50395e+10          0    60.842012043        0.0253279 1.4104973227e+14 9.1347199694e+37 8.939357643e+39    5011.2065776 3.9184668377e+40               0 3.927721375e+49               0 8.3091948828e+42               0
                0        0     9.17091e+10          0    69.246263843        0.0378025 1.5047649105e+14 1.4544974587e+38 1.0215656911e+40    5016.3070044 4.6104228816e+40               0 5.061395531e+49               0 9.7193934437e+42               0
                0        0      9.8379e+10          0     74.42964323        0.0233139 1.5600677205e+14 9.2999833191e+37 1.091700513e+40    5009.0574658 4.726818438e+40               0 5.8285595876e+49               0 1.0048131677e+43               0
                0        0     1.01761e+11          0    76.399904351        0.0174777 1.580581483e+14 7.0635814861e+37 1.1181168305e+40    5006.2808804 4.7647551287e+40               0 6.1336565108e+49               0 1.0161209973e+43               0
                0        0     1.03381e+11          0    77.176476334        0.0143783 1.5885941367e+14 5.8404227697e+37 1.1281870475e+40    5004.8453313 4.7682356505e+40               0 6.2559426266e+49               0 1.0185468259e+43               0
                0        0     1.06716e+11          0    78.475736646        0.0116882 1.6019102595e+14 4.787509034e+37 1.1460287568e+40    5003.5892224 4.8088434586e+40               0 6.4631020607e+49               0 1.0287098745e+43               0
                0        0     1.15053e+11          0    82.309449514        0.0137948 1.6405721352e+14 5.786747445e+37 1.2027801479e+40    5004.3855153 5.0701023176e+40               0 7.0930330466e+49               0 1.0836030616e+43               0
                0        0     1.25116e+11          0    87.856021718        0.0165362 1.6949474939e+14 7.1666427324e+37 1.2848216242e+40    5005.3499395 5.4459915229e+40               0 8.0535135807e+49               0 1.1626464299e+43               0
                0        0     1.28393e+11          0    89.634406271        0.0162811 1.7120161427e+14 7.1271416188e+37 1.3106444583e+40    5005.1737382 5.5498333492e+40               0 8.3737010619e+49               0 1.1850559023e+43               0
                0        0     1.31728e+11          0    91.126062311         0.013419 1.7262026715e+14 5.9229180891e+37 1.3311327919e+40    5003.9310211 5.5965291936e+40               0 8.6468258315e+49               0 1.1967401465e+43               0
                0        0     1.33457e+11          0    91.922232103        0.0138128 1.7337272012e+14 6.1233104132e+37 1.342911563e+40     5004.069499 5.6505413989e+40               0 8.7943068758e+49               0 1.2080969866e+43               0
                0        0     1.41798e+11          0    95.086104871        0.0113792 1.7633113822e+14 5.1305571644e+37 1.3879297459e+40    5002.9852954 5.8037197296e+40               0 9.3920446228e+49               0 1.2423993625e+43               0
                0        0     1.46735e+11          0    96.957005461        0.0113698 1.7805742118e+14 5.1765056673e+37 1.4151834533e+40    5002.9366876 5.9160310821e+40               0 9.7542579142e+49               0 1.2665128111e+43               0
                0        0     1.55072e+11          0    100.53495776        0.0128745 1.8131303691e+14 5.9687473086e+37 1.468008424e+40     5003.449051 6.1549442387e+40               0 1.0465010504e+50               0 1.3168812068e+43               0
                0        0     1.65076e+11          0    105.32997702        0.0143783 1.8558654085e+14 6.8230382694e+37 1.5385947621e+40    5003.9122465 6.4680717685e+40               0 1.1454541669e+50               0 1.383137382e+43               0
                0        0     1.75081e+11          0    109.01840977        0.0110601 1.8880800513e+14 5.3395326527e+37 1.5907506586e+40    5002.5586276 6.6355470427e+40               0 1.2244415486e+50               0 1.4211675777e+43               0
                0        0     1.86753e+11          0    112.28299667       0.00839096 3.4685399621e+11 2.2711389057e+40 2.9487400604e+40    136187.62061 4.7016832978e+50               0 1.2964895563e+50               0 3.0274113635e+49               0
                0        0     1.96758e+11          0    114.21037211       0.00577941 3.5047379324e+11 1.5747015554e+40 2.2757648684e+40    126986.02641 3.7871576821e+50               0 1.339903896e+50               0 2.7545364494e+49               0
                0        0      2.0176e+11          0    114.89273646       0.00409214 3.5174961878e+11 1.1175685593e+40 1.8270340808e+40    119983.54944 3.1399851063e+50               0 1.3554360367e+50               0 2.5201778798e+49               0
                0        0      2.0843e+11          0    115.56414508       0.00302001 3.5300207908e+11 8.2664488437e+39 1.5444265641e+40     114843.1365 2.7167035999e+50               0 1.3708012918e+50               0 2.3522465746e+49               0
                0        0       2.151e+11          0    116.00784239       0.00199567 3.538282047e+11 5.4707690762e+39 1.2703808742e+40    109241.86936 2.2904423878e+50               0 1.3810002243e+50               0 2.1621932792e+49               0
                0        0     2.20102e+11          0    116.26736653       0.00155646 3.5431084479e+11 4.2704742576e+39 1.1535912563e+40    106566.97231 2.103801371e+50               0 1.3869822526e+50               0 2.0728147366e+49               0
                0        0     2.30107e+11          0    116.99039619       0.00216807 3.5565326077e+11 5.9629541623e+39 1.3319036323e+40    110257.12513 2.3908109651e+50               0 1.4037124454e+50               0 2.2211723476e+49               0
                0        0     2.33441e+11          0    117.34516556       0.00319152 3.5631076113e+11 8.788172792e+39 1.6188936732e+40    115662.33962 2.8372581249e+50               0 1.4119560868e+50               0 2.4265950324e+49               0
                0        0     2.35109e+11          0    117.56337653       0.00392607 3.5671479035e+11 1.0818666336e+40 1.8246980272e+40    119107.48467 3.148515155e+50               0 1.4170378904e+50               0 2.5593306489e+49               0
                0        0     2.38444e+11          0     118.1970052       0.00570015 3.5788633322e+11 1.5740277946e+40 2.3248880096e+40    126336.78282 3.8805501661e+50               0 1.431842982e+50               0 2.8477261604e+49               0
                0        0     2.40111e+11          0    118.66994491       0.00850764 3.5875917573e+11 2.3529439487e+40 3.1098249941e+40    135701.40358 4.9697561594e+50               0 1.4429408159e+50               0 3.2200554455e+49               0
                0        0     2.50116e+11          0    123.14491303         0.013419 2.0066827643e+14 6.8852967501e+37 1.797732509e+40    5003.1528227 7.5245731165e+40               0 1.5498520026e+50               0 1.6104703361e+43               0
                0        0      2.6012e+11          0    127.04281085        0.0116882 2.0381940494e+14 6.0913976717e+37 1.8536241787e+40    5002.4702871 7.7281566436e+40               0 1.6459825592e+50               0 1.6553458332e+43               0
                0        0      2.6679e+11          0    129.33774557        0.0103222 2.0565208912e+14 5.4278668379e+37 1.8863349656e+40    5001.9575525 7.8414020899e+40               0 1.7038541857e+50               0 1.6805966601e+43               0
                0        0     2.78462e+11          0    134.21034153        0.0125237 2.0949008505e+14 6.7084149502e+37 1.9584757277e+40    5002.6448555 8.173497344e+40               0 1.8298459005e+50               0 1.7503837765e+43               0
                0        0     2.88467e+11          0    139.41943252        0.0156204 2.1351684211e+14 8.5280174018e+37 2.0360490568e+40    5003.6030847 8.5441316191e+40               0 1.9692088448e+50               0 1.8277351147e+43               0
                0        0     2.96804e+11          0    144.83386968        0.0194827 2.1762337912e+14 1.0841228097e+38 2.1171022613e+40    5004.7748571 8.9442265093e+40               0 2.1191560077e+50               0  1.91073896e+43               0
                0        0     3.01806e+11          0    147.62442969         0.016737 2.1970988599e+14 9.4026658861e+37 2.1562456971e+40    5003.8193597 9.0597711067e+40               0 2.1984547607e+50               0 1.9375558629e+43               0
                0        0     3.08475e+11          0    150.95592864        0.0149865 2.2217519468e+14 8.5137241909e+37 2.2038054121e+40    5003.1945129 9.226436964e+40               0 2.2949166568e+50               0 1.9746221199e+43               0
                0        0     3.25152e+11          0    160.13244789        0.0165075  2.28828521e+14 9.6586237578e+37 2.3384007605e+40    5003.5301384 9.8088192374e+40               0 2.5706546025e+50               0 2.098449843e+43               0
                0        0     3.28485e+11          0    161.66505017        0.0137948 2.299209541e+14 8.109942045e+37 2.3591401007e+40     5002.660347 9.8465051158e+40               0 2.6181351078e+50               0 2.1086267052e+43               0
                0        0      3.3849e+11          0    165.35359352        0.0110601 2.3252909487e+14 6.575974858e+37 2.411247144e+40    5001.7691318 1.0012590133e+41               0 2.7340783771e+50               0 2.1463999404e+43               0
                0        0     3.48495e+11          0    168.43599062       0.00924257 4.4420194075e+11 2.9302990602e+40 4.4551097852e+40    133421.62868 7.1955439956e+50               0 2.8331344577e+50               0 4.8020127535e+49               0
                0        0     3.55164e+11          0    170.25048769       0.00816238 4.4711482302e+11 2.5986683675e+40 4.1565084617e+40    130699.67094 6.7987777984e+50               0 2.8920170044e+50               0 4.7031128462e+49               0
                0        0     3.60168e+11          0    171.83532121        0.0095014 4.496491259e+11 3.0359250202e+40 4.6229034575e+40    133842.39218 7.4519503208e+50               0 2.9439114292e+50               0 4.9459062614e+49               0
                0        0     3.65169e+11          0    173.62881317        0.0107588 2.3827659241e+14 6.5549442788e+37 2.5315693227e+40    5001.5962041 1.0501781288e+41               0 3.0027524798e+50               0 2.2517172577e+43               0
                0        0     3.71838e+11          0    176.33700515        0.0121826 2.4012767318e+14 7.4800755938e+37 2.5718786067e+40    5001.9963578 1.0693557461e+41               0 3.0932409119e+50               0 2.2917779205e+43               0
                0        0      3.7851e+11          0    178.60117059        0.0101806 2.416643746e+14 6.2908567557e+37 2.6036162402e+40    5001.3792452 1.0787197211e+41               0 3.169857841e+50               0 2.3134933856e+43               0
                0        0     3.86847e+11          0    180.86949599       0.00816238 4.6392525591e+11 2.6607181726e+40 4.4189527012e+40    130288.98214 7.2418630472e+50               0 3.2479790309e+50               0 5.0371453994e+49               0
                0        0     3.98517e+11          0    184.41554997       0.00911582 4.6945250836e+11 2.9941004682e+40 4.821953292e+40    132376.76962 7.8259834237e+50               0 3.3711523722e+50               0 5.2947925423e+49               0
                0        0      4.1019e+11          0    188.54436789        0.0106112 2.4830031142e+14 6.7369845872e+37 2.7486623091e+40    5001.4228699 1.1391001764e+41               0 3.516699862e+50               0 2.4428662747e+43               0
                0        0     4.18527e+11          0    190.94151662       0.00862594 4.795174212e+11 2.8718857893e+40 4.8313930785e+40    131044.18651 7.8900391373e+50               0 3.6034389147e+50               0 5.4330407737e+49               0
                0        0     4.25196e+11          0      193.204664        0.0101806 2.5135022908e+14 6.5429928977e+37 2.8162411396e+40    5001.2628228 1.1660331335e+41               0 3.6850527787e+50               0 2.5010875746e+43               0
                0        0     4.38537e+11          0    197.04061952       0.00862594 4.8880335926e+11 2.9073195542e+40 4.9940083127e+40    130872.10422 8.162128075e+50               0 3.8270722468e+50               0 5.6332749589e+49               0
                0        0     4.46874e+11          0    199.09994189        0.0074103 4.9191329105e+11 2.5077435417e+40 4.6382772722e+40    128069.80823 7.6800040015e+50               0 3.9040027459e+50               0 5.503999692e+49               0
                0        0     4.58547e+11          0    201.54297238       0.00627867 4.9558646618e+11 2.1349152183e+40 4.3180546123e+40    125332.63625 7.2409533876e+50               0 3.9961962999e+50               0 5.3879455575e+49               0
                0        0     4.70217e+11          0    203.50118671       0.00503397 4.985181823e+11 1.7181509647e+40 3.9439197122e+40    122164.03701 6.7107999483e+50               0 4.0708208529e+50               0 5.2204891241e+49               0
                0        0     4.75221e+11          0    204.15605519       0.00392607 4.9949615283e+11 1.3416922476e+40 3.5818091281e+40    119141.04277 6.1794653081e+50               0 4.095921008e+50               0 5.0206444295e+49               0
                0        0     4.83558e+11          0    204.99531597       0.00302001 5.0074770521e+11 1.0337085419e+40 3.2922809764e+40     116510.9116 5.7480370802e+50               0 4.1281941781e+50               0 4.8542523108e+49               0
                0        0     4.93563e+11          0     206.0306934       0.00310458 5.0228896771e+11 1.0647456981e+40 3.3461906595e+40    116805.34377 5.8344069509e+50               0 4.1681721207e+50               0 4.9057066835e+49               0
                0        0     5.10237e+11          0    207.55455805       0.00274175 5.0455190886e+11 9.4301592691e+39 3.2583341943e+40    115770.48181 5.707753571e+50               0 4.2273392702e+50               0 4.8737266079e+49               0
                0        0     5.21907e+11          0    208.37496294       0.00210901 5.0576752761e+11 7.265039604e+39 3.0601620083e+40    113831.50939 5.4072901542e+50               0 4.2593546756e+50               0 4.754093337e+49               0
                0        0     5.31912e+11          0    208.87297515       0.00149329 5.0650453699e+11 5.1488213547e+39 2.8597083103e+40    111838.31763 5.0978616256e+50               0 4.2788441642e+50               0 4.6210476319e+49               0
                0        0     5.36916e+11          0     209.0493378       0.00105733 5.0676537209e+11 3.6468438952e+39 2.7134719608e+40    110351.87835 4.8687617778e+50               0 4.2857560171e+50               0 4.5165949356e+49               0
                0        0     5.38584e+11          0    209.09455845      0.000813321 5.0683223826e+11 2.8054674821e+39 2.6303505885e+40    109489.67199 4.737327972e+50               0 4.2875291063e+50               0 4.4546076135e+49               0
                0        0     5.46921e+11          0    209.26368311      0.000608581 5.0708226692e+11 2.099899862e+39 2.5635966084e+40    108761.47067 4.6316450341e+50               0 4.2941634787e+50               0 4.4057005816e+49               0
                0        0     5.50254e+11          0    209.30775025      0.000396644 5.0714740148e+11 1.3687267283e+39 2.4914706534e+40    107981.33755 4.5164362189e+50               0 4.2958929198e+50               0 4.3498266302e+49               0
                0        0     5.50254e+11          0    209.30775025      0.000273195 5.0714740148e+11 9.4273277432e+38 2.448871258e+40    107516.77948 4.4480306287e+50               0 4.2958929198e+50               0 4.3159370601e+49               0
                0        0      5.5359e+11          0    209.32701065      0.000173205 5.0717586812e+11 5.9771185401e+38 2.4148025238e+40    107137.86203 4.3932280292e+50               0 4.2966489077e+50               0 4.2888081113e+49               0
                0        0     5.60259e+11          0    209.39208342      0.000292725 5.0727203734e+11 1.0102849968e+39 2.4575242666e+40    107598.40986 4.4621941245e+50               0 4.2992035325e+50               0 4.3240134625e+49               0
                0        0     5.66928e+11          0    209.43815843      0.000207265 5.0734012326e+11 7.1539734671e+38 2.4290726708e+40    107278.42354 4.4165496784e+50               0 4.3010127734e+50               0 4.3018331899e+49               0
                0        0     5.70264e+11          0    209.45338882      0.000136964 5.0736262822e+11 4.727593228e+38 2.4051517617e+40    107010.95627 4.3780289862e+50               0 4.3016109081e+50               0 4.2827186724e+49               0
                0        0     5.76933e+11          0    209.46267367      4.17672e-05 5.0737634752e+11 1.4417054521e+38 2.3725019329e+40    106644.48365 4.3253078484e+50               0 4.3019755658e+50               0 4.2562593778e+49               0
                0        0     5.81937e+11          0    209.48520585      0.000135085 5.074096401e+11 4.6630119126e+38 2.4052223494e+40    107006.78394 4.3782349947e+50               0 4.3028605657e+50               0 4.2832083058e+49               0
                0        0     5.83605e+11          0    209.50363519      0.000331463 5.0743686947e+11 1.1442195257e+39 2.4734291928e+40    107754.57591 4.4880804357e+50               0 4.3035844812e+50               0 4.3382271014e+49               0
                0        0     5.83605e+11          0    209.50363519       0.00101442 5.0743686947e+11 3.5018061481e+39 2.709187855e+40    110235.28555 4.8635440499e+50               0 4.3035844812e+50               0 4.5200004242e+49               0
                0        0     5.83605e+11          0    209.50363519       0.00219822 5.0743686947e+11 7.5883167829e+39 3.1178389185e+40    114175.85432 5.5007614176e+50               0 4.3035844812e+50               0  4.81107154e+49               0
                0        0     5.88606e+11          0    210.22453601       0.00432454 5.0850126923e+11 1.4948445547e+40 3.8701143876e+40    120388.99548 6.6389702651e+50               0 4.331946581e+50               0 5.2974153178e+49               0
                0        0     5.98611e+11          0    212.04839082       0.00546883 5.111878279e+11 1.8967655549e+40 4.3134286494e+40    123372.18702 7.2988907404e+50               0 4.4040906699e+50               0 5.5818186857e+49               0
                0        0     6.06948e+11          0    213.40922265       0.00489684 5.1318648184e+11 1.7026235811e+40 4.150404334e+40    121951.41928 7.0690394915e+50               0  4.45828236e+50               0 5.5158189464e+49               0
                0        0     6.13617e+11          0    214.25821303       0.00381912 5.144308767e+11 1.3299597858e+40 3.7972549339e+40    119125.78787 6.551614963e+50               0 4.4922482014e+50               0 5.3241871934e+49               0
                0        0     6.16953e+11          0    214.56733457       0.00277987 5.148834892e+11 9.6859869909e+39 3.4430183748e+40    116193.60155 6.0198081569e+50               0 4.5046452618e+50               0 5.1078245011e+49               0
                0        0     6.23622e+11          0    215.04929653       0.00216807 5.1558866579e+11 7.5608864972e+39 3.2416369117e+40    114377.67714 5.7140303032e+50               0 4.5240058085e+50               0 4.9823553086e+49               0
                0        0     6.33627e+11          0    215.61321502       0.00169091 5.1641297403e+11 5.9028735127e+39 3.0888882889e+40    112915.57207 5.4802875629e+50               0 4.5467078514e+50               0 4.8860618278e+49               0
                0        0     6.38628e+11          0    215.82706445       0.00128284 5.1672534864e+11 4.4800553934e+39 2.951565258e+40    111605.36572 5.2670023767e+50               0 4.555330824e+50               0 4.791604012e+49               0
                0        0     6.43632e+11          0     215.9962697       0.00101442 5.1697242499e+11  3.54373656e+39 2.8618604217e+40    110721.07246 5.1267495307e+50               0 4.5621590389e+50               0 4.7285603644e+49               0
                0        0     6.50301e+11          0    216.16269237       0.00074864 5.1721536454e+11 2.6160564139e+39 2.7729578758e+40    109825.19175 4.9869073309e+50               0 4.568879628e+50               0 4.6645802713e+49               0
                0        0      6.5697e+11          0    216.38819794       0.00101442 5.1754443543e+11 3.5462429357e+39 2.8712190543e+40    110750.22599 5.1428595652e+50               0 4.5779935205e+50               0 4.7412622099e+49               0
                0        0     6.58638e+11          0    216.46462292       0.00137455 5.1765592888e+11 4.8058590886e+39 2.9989586286e+40     111949.9447 5.3434703261e+50               0 4.5810841914e+50               0 4.8353396304e+49               0
                0        0     6.60306e+11          0    216.58027537       0.00208008 5.1782462057e+11 7.2741289923e+39 3.2484773639e+40    114190.63141 5.7308675033e+50               0 4.5857630984e+50               0 5.0112047555e+49               0
                0        0     6.61974e+11          0    216.74818792       0.00302001 5.180694768e+11 1.0564297058e+40 3.5814047987e+40    116982.58422 6.2395316638e+50               0 4.5925602472e+50               0 5.2325881408e+49               0
                0        0     6.70311e+11          0    218.05379269       0.00469811 5.1997084002e+11 1.6472995916e+40 4.2027851891e+40    121533.68457 7.1719810627e+50               0 4.6455720386e+50               0 5.6295561999e+49               0
                0        0     6.75312e+11          0    218.60071872        0.0032809 5.2076601289e+11 1.1515073122e+40 3.7198284068e+40    117790.77283 6.4570488416e+50               0 4.6678635201e+50               0 5.3508139922e+49               0
                0        0     6.78648e+11          0    218.88921711       0.00259441 5.2118514658e+11 9.1103634137e+39 3.486140995e+40    115848.94493 6.1046592566e+50               0 4.6796421631e+50               0  5.20652625e+49               0
                0        0     6.80316e+11          0    218.98995264       0.00181179 5.2133144552e+11 6.3633070597e+39 3.213806095e+40    113501.03395 5.6871290494e+50               0 4.6837582023e+50               0 5.0253339448e+49               0
                0        0     6.85317e+11          0    219.22227576       0.00139366 5.2166875006e+11 4.8967896612e+39 3.0726260652e+40    112197.16357 5.468768695e+50               0 4.6932573407e+50               0 4.9298905572e+49               0
                0        0     6.90321e+11          0    219.40109036       0.00107203 5.219282719e+11 3.7679024632e+39 2.9639527658e+40    111164.02657 5.2993589948e+50               0  4.70057477e+50               0 4.8541626441e+49               0
                0        0     6.91986e+11          0    219.44622962       0.00081332 5.2199377153e+11 2.8588344601e+39 2.8741106331e+40    110304.96746 5.158048563e+50               0 4.7024227956e+50               0 4.7884726523e+49               0
                0        0     7.01991e+11          0    219.65777601      0.000634322 5.223006674e+11 2.2304912786e+39 2.8162688274e+40    109713.50702 5.0672532522e+50               0 4.7110881429e+50               0 4.7480685887e+49               0
                0        0     7.06995e+11          0    219.81788883      0.000959909 5.2253287061e+11 3.3763249225e+39 2.9346340661e+40    110823.92872 5.2547541971e+50               0 4.7176516299e+50               0 4.8388545427e+49               0
                0        0      7.0866e+11          0    219.90191916       0.00151406 5.2265470899e+11 5.3262554535e+39 3.1316130232e+40     112625.4268 5.5632265771e+50               0 4.7210979849e+50               0 4.9821206095e+49               0
                0        0     7.15332e+11          0    220.49507331       0.00266706 5.2351422713e+11 9.3922131793e+39 3.5522485033e+40    116135.08754 6.212422859e+50               0 4.745458605e+50               0 5.275857294e+49               0
                0        0     7.20333e+11          0    221.11437881       0.00371509 5.2441067854e+11 1.309723294e+40 3.9374495355e+40    119061.08826 6.7955009022e+50               0 4.7709557746e+50               0 5.5275838824e+49               0
                0        0     7.35339e+11          0    222.52420752       0.00281853 5.2644777696e+11 9.9611477664e+39 3.6574566911e+40    116659.20459 6.381334685e+50               0 4.8292373166e+50               0 5.3772203294e+49               0
                0        0     7.50348e+11          0    223.73559391       0.00242132 5.2819412359e+11 8.5754804108e+39 3.5479446697e+40    115584.41732 6.2202707231e+50               0 4.8795794325e+50               0 5.3261614348e+49               0
                0        0     7.65354e+11          0    224.69331685       0.00191468 5.2957217767e+11 6.7924421707e+39 3.3927231754e+40    114150.12389 5.9864226555e+50               0 4.9195525805e+50               0 5.237881915e+49               0
                0        0      7.8036e+11          0    225.49365686       0.00160004 5.3072201952e+11 5.6841144869e+39 3.3012552331e+40    113249.96677 5.8483933521e+50               0 4.9530737838e+50               0 5.1876607203e+49               0
                0        0     7.88697e+11          0    226.05596527       0.00202342 5.3152893158e+11 7.1951500561e+39 3.4660054451e+40    114550.16442 6.1048213527e+50               0 4.9766889478e+50               0 5.3092466323e+49               0
                0        0     8.05374e+11          0    226.98305082       0.00166772 5.3285759136e+11 5.939777304e+39 3.3630418083e+40    113547.96335 5.9499747961e+50               0 5.015738157e+50               0 5.2538356793e+49               0
                0        0     8.17044e+11          0    227.48207558       0.00128284 5.3357189624e+11 4.5728976633e+39 3.2385428647e+40    112406.85578 5.7587426695e+50               0 5.0368163006e+50               0  5.17456235e+49               0
                0        0     8.22048e+11          0    227.64896065       0.00100051 5.3381063942e+11 3.5675053576e+39 3.1420858886e+40    111535.40826 5.6087054535e+50               0 5.0438745183e+50               0 5.1079970016e+49               0
                0        0     8.28717e+11          0    227.82004495       0.00076961 5.3405531911e+11 2.7449923871e+39 3.0640226732e+40    110810.70863 5.4867544229e+50               0 5.0511151311e+50               0 5.0535340098e+49               0
                0        0     8.37054e+11          0    227.97148044      0.000544928 5.3427183788e+11 1.9441157322e+39 2.9876447186e+40    110091.28921 5.3667926855e+50               0 5.0575282172e+50               0 4.9989747246e+49               0
                0        0      8.4039e+11          0    228.05358841      0.000738381 5.3438921039e+11 2.6346595039e+39 3.058711523e+40    110728.04964 5.4792224662e+50               0 5.0610069667e+50               0 5.0531069829e+49               0
                0        0     8.55396e+11          0    228.52065516       0.00093376 5.3505656435e+11 3.3344620862e+39 3.1401531506e+40    111388.33702 5.6088752759e+50               0 5.080816902e+50               0 5.1198122542e+49               0
                0        0     8.60397e+11          0    228.72582619       0.00123078 5.3534954848e+11 4.3966606713e+39 3.2514151218e+40    112331.41923 5.7835574867e+50               0 5.089530351e+50               0 5.2028943321e+49               0
                0        0     8.73738e+11          0    229.32043901       0.00133711 5.3619807689e+11 4.7813375324e+39 3.3045210781e+40    112698.04092 5.868508576e+50               0 5.114822474e+50               0 5.2496614699e+49               0
                0        0     8.85411e+11          0    229.77360043       0.00116464 5.3684417433e+11 4.1678141116e+39 3.2543502532e+40    112200.24669 5.7921290945e+50               0 5.1341372195e+50               0 5.2211398656e+49               0
                0        0     8.93748e+11          0    230.02256187      0.000895867 5.3719892099e+11 3.2073296391e+39 3.164454192e+40    111380.45776 5.6524766831e+50               0 5.1447629807e+50               0 5.160242601e+49               0
                0        0     9.02085e+11          0    230.22216827      0.000718267 5.3748323321e+11 2.5723667451e+39 3.105895429e+40    110832.23927 5.5612126634e+50               0 5.1532896632e+50               0 5.1203942573e+49               0
                0        0     9.07086e+11          0    230.31053327      0.000530084 5.3760906646e+11 1.8987013813e+39 3.0407160847e+40    110233.23092 5.4587535834e+50               0 5.1570664996e+50               0 5.0733297811e+49               0
                0        0     9.13755e+11          0    230.39630528      0.000385839 5.3773118924e+11 1.3822326923e+39 2.9911930293e+40    109769.16422 5.3806912719e+50               0 5.1607337443e+50               0 5.0373493351e+49               0
                0        0     9.18759e+11          0    230.44446211       0.00028871 5.3779974749e+11 1.0343612983e+39 2.957598655e+40    109452.67347 5.3275634209e+50               0 5.1627932583e+50               0 5.0125427385e+49               0
                0        0      9.2376e+11          0    230.47853926      0.000204422 5.3784825789e+11 7.3242492188e+38 2.9282492026e+40    109175.19751 5.2810293937e+50               0 5.1642508611e+50               0 4.9905856546e+49               0
                0        0     9.40434e+11          0    230.57887839      0.000180531 5.3799107905e+11 6.4693550961e+38 2.9221866642e+40    109104.16062 5.2717129359e+50               0 5.1685438446e+50               0 4.9873831963e+49               0
                0        0     9.47106e+11          0    230.63035843      0.000231475 5.3806434554e+11 8.2956630907e+38 2.9417258392e+40    109278.64527 5.302962733e+50               0 5.1707470514e+50               0 5.0031245726e+49               0
                0        0     9.55443e+11          0    230.71398465      0.000300922 5.3818334894e+11 1.0786048198e+39 2.968703237e+40    109516.21585 5.3460950398e+50               0 5.1743269631e+50               0 5.0249401081e+49               0
                0        0      9.6378e+11          0    230.82574464      0.000402159 5.3834236152e+11 1.4417442772e+39 3.0077894914e+40    109858.69677 5.4084433882e+50               0 5.1791130452e+50               0 5.0562062242e+49               0
                0        0     9.65448e+11          0    230.85562713      0.000537455 5.3838487338e+11 1.9268791487e+39 3.0570444687e+40    110301.36206 5.4864385821e+50               0 5.1803931028e+50               0 5.0936209914e+49               0
                0        0     9.80454e+11          0    231.22496531      0.000738381 5.3891012936e+11 2.6488882881e+39 3.1384178902e+40     110974.0358 5.6159613194e+50               0 5.1962264067e+50               0 5.1593936096e+49               0
                0        0     9.93792e+11          0    231.52300159      0.000670347 5.3933374451e+11 2.4060296483e+39 3.1215444424e+40    110781.04174 5.5904836401e+50               0 5.2090194939e+50               0 5.151455507e+49               0
                0        0      1.0088e+12          0    231.95899453      0.000871463 5.3995306204e+11 3.1301771438e+39 3.2048199083e+40    111448.63771 5.7228670805e+50               0 5.2277607814e+50               0 5.2189813756e+49               0
                0        0     1.02714e+12          0    232.56231793       0.00098679 5.4080932023e+11 3.5480086788e+39 3.261665732e+40    111850.94042 5.8140884562e+50               0 5.253746661e+50               0 5.2692563129e+49               0
                0        0     1.03881e+12          0    232.99101927       0.00110206 5.4141722211e+11 3.9653096657e+39 3.3141226369e+40    112234.91232 5.8976109644e+50               0 5.2722479216e+50               0 5.3133853307e+49               0
                0        0     1.06216e+12          0    233.74840242       0.00097325 5.4249013236e+11 3.506274996e+39 3.2872184117e+40    111895.61811 5.858485416e+50               0 5.3050081685e+50               0 5.3058293898e+49               0
                0        0      1.0755e+12          0    234.13054101      0.000859511 5.4303095586e+11 3.0984869702e+39 3.2560491037e+40     111573.8203 5.8111522796e+50               0 5.321573358e+50               0 5.289222402e+49               0
                0        0      1.0855e+12          0    234.35721029      0.000679668  5.43351588e+11 2.4510882946e+39 3.1970166196e+40    111031.85974 5.7193717297e+50               0 5.3314105587e+50               0 5.2496699355e+49               0
                0        0     1.09384e+12          0    234.49854245      0.000508572 5.4355144639e+11 1.8344956732e+39 3.1389188036e+40    110503.63226 5.6284128403e+50               0 5.3375485151e+50               0 5.2089191065e+49               0
                0        0     1.09718e+12          0    234.53970658      0.000370181 5.4360964792e+11 1.3353899386e+39 3.0900459338e+40    110065.07069 5.5513719038e+50               0 5.3393368644e+50               0 5.1730312775e+49               0
                0        0     1.09884e+12          0    234.55448244      0.000265753 5.4363053839e+11 9.5870020777e+38 3.0527494889e+40    109729.33069 5.4923709188e+50               0 5.3399788607e+50               0 5.1451266568e+49               0
                0        0     1.10718e+12          0    234.61208139      0.000207265 5.4371196825e+11 7.477771742e+38 3.0331095905e+40    109544.21313 5.4614167909e+50               0 5.3424818203e+50               0 5.131068826e+49               0
                0        0     1.11218e+12          0    234.66224508      0.000300922 5.4378288026e+11 1.0857663657e+39 3.0681737192e+40    109852.28173 5.5171766966e+50               0 5.3446621278e+50               0 5.1583782254e+49               0
                0        0     1.11552e+12          0    234.71430136      0.000468132 5.4385646139e+11 1.6892282773e+39  3.12983314e+40    110392.61239 5.6148386102e+50               0 5.3469251333e+50               0 5.2053871131e+49               0
                0        0     1.12052e+12          0     234.8480226      0.000802167 5.4404544613e+11 2.8952180259e+39 3.2538068507e+40    111450.54937 5.810294619e+50               0 5.3527403522e+50               0 5.2985540581e+49               0
                0        0     1.12385e+12          0    235.01638607       0.00151406 5.4428333016e+11 5.4661425112e+39 3.5151510379e+40    113599.21804 6.2176736694e+50               0 5.3600662772e+50               0 5.4859307851e+49               0
                0        0     1.13719e+12          0    236.03505359        0.0022912 5.4572121031e+11 8.2857805314e+39 3.8229045787e+40    115855.00723 6.6941911019e+50               0 5.4044908791e+50               0 5.7088075544e+49               0
                0        0     1.15053e+12          0    237.41566032       0.00310458 5.4766612186e+11 1.1252812823e+40 4.1547388399e+40    118080.95451 7.2025078464e+50               0 5.4649730141e+50               0 5.9431725767e+49               0
                0        0     1.16721e+12          0    239.81923965       0.00432454 5.5104164119e+11 1.5736359741e+40 4.6647440603e+40    121175.99838 7.9733604764e+50               0 5.5710193295e+50               0 6.2906704742e+49               0
                0        0     1.18388e+12          0    242.73546111       0.00524689 5.5511943703e+11 1.9182866576e+40  5.08502807e+40      123362.165 8.6049357793e+50               0 5.7009600446e+50               0 6.5815433555e+49               0
                0        0     1.20222e+12          0     245.5296386       0.00457013 5.5900869058e+11 1.6783350827e+40 4.9184021278e+40    121912.59891 8.3785985724e+50               0 5.8267735918e+50               0 6.5412521131e+49               0
                0        0     1.21556e+12          0    247.25161928       0.00387223 5.6139694352e+11 1.4259194729e+40 4.7115932133e+40    120353.51703 8.0837914984e+50               0 5.9049472718e+50               0 6.4535750693e+49               0
                0        0     1.22723e+12          0    248.47609403       0.00314775 5.6309124982e+11 1.1613705776e+40 4.4796684661e+40    118665.35425 7.745220991e+50               0 5.9608310629e+50               0 6.3365583008e+49               0
                0        0     1.24058e+12          0    249.55285503       0.00242132 5.6457847562e+11 8.9486015162e+39 4.2419797708e+40    116904.66746 7.3929871247e+50               0 6.010176248e+50               0 6.2070550068e+49               0
                0        0     1.24558e+12          0    249.84262297       0.00173826 5.6497827642e+11 6.4270883759e+39 3.9976059759e+40    115142.58695 7.0225178022e+50               0 6.0234879754e+50               0 6.0530807781e+49               0
                0        0     1.25558e+12          0     250.3010354       0.00137455 5.656103915e+11 5.0859321539e+39 3.8758128102e+40    114191.52412 6.8375668933e+50               0 6.0445751678e+50               0 5.978847765e+49               0
                0        0     1.27226e+12          0    251.20270418       0.00162229 5.6685240676e+11 6.0110115215e+39 3.992624165e+40    114916.25683 7.0208768804e+50               0 6.0861526698e+50               0 6.0723058616e+49               0
                0        0     1.27892e+12          0    251.71203794        0.0022912 5.6755322662e+11 8.4962081431e+39 4.2549109434e+40    116686.65253 7.4228219997e+50               0 6.1096976874e+50               0 6.2522803862e+49               0
                0        0     1.28059e+12          0    251.92146924       0.00376675 5.6784123398e+11 1.3972361249e+40 4.8081952004e+40    120277.36932 8.2524037688e+50               0 6.1193913911e+50               0 6.5954182839e+49               0
                0        0     1.28393e+12          0     252.6006377       0.00610763 5.6877457639e+11 2.2679409385e+40 5.6973163765e+40    125386.08933 9.5514806992e+50               0 6.1508765896e+50               0 7.1019302587e+49               0
                0        0     1.30561e+12          0    256.39204041       0.00524689 5.7396701409e+11 1.9596761977e+40 5.4927704634e+40    123681.93085 9.2812460876e+50               0 6.3280240006e+50               0 7.0669896178e+49               0
                0        0     1.31728e+12          0    258.12139437       0.00444564 5.7632546214e+11 1.6647738316e+40 5.2456899899e+40    122016.51388 8.9318804819e+50               0 6.4096039708e+50               0 6.9629034865e+49               0
                0        0     1.32394e+12          0     259.2404459       0.00503397 5.7784831223e+11 1.8882708448e+40 5.5003034948e+40    123308.09826 9.3099855825e+50               0 6.4626533609e+50               0 7.1262267456e+49               0
                0        0     1.33062e+12          0    261.03086376       0.00805044 5.8027946311e+11 3.0278825939e+40 6.6899798065e+40    129222.89382 1.1018082704e+51               0 6.5479532514e+50               0 7.7741107298e+49               0
                0        0     1.34896e+12          0    265.75315839       0.00772374 5.8666071989e+11 2.9253903451e+40 6.7211876854e+40    128667.79585 1.1098035564e+51               0 6.7754343361e+50               0 7.8893968179e+49               0
                0        0     1.35563e+12          0    268.11202815        0.0106112 2.9609333475e+14 8.0337242478e+37 3.9070797049e+40    5000.9281287 1.6145735674e+41               0 6.8880825937e+50               0 3.4645245737e+43               0
                0        0      1.3623e+12          0    271.88441469        0.0169698 2.9816910303e+14 1.2937880995e+38 3.9668441701e+40    5002.4392893 1.6535679127e+41               0 7.0737223365e+50               0 3.542014971e+43               0
                0        0     1.37063e+12          0    278.82649564        0.0249805 3.0195171633e+14 1.9286899553e+38 4.0741490951e+40    5004.2885022 1.7164278366e+41               0 7.4213360514e+50               0 3.6688303036e+43               0
                0        0     1.38398e+12          0    287.02485143        0.0184357 3.0635871039e+14 1.4441544884e+38 4.1885291493e+40    5002.6731618 1.7483238748e+41               0 7.8418065715e+50               0 3.7439760254e+43               0
                0        0     1.39398e+12          0    293.79716923        0.0203068 3.0995188779e+14 1.6093835822e+38 4.2886685491e+40    5003.0557095 1.7940604051e+41               0 8.1972646367e+50               0 3.8402241473e+43               0
                0        0     1.39398e+12          0    293.79716923        0.0145782 3.0995188779e+14 1.1553723746e+38 4.284128437e+40    5001.7310877 1.7785752823e+41               0 8.1972553215e+50               0 3.8129010081e+43               0
                0        0     1.39731e+12          0    294.97607355        0.0106112 3.1057312896e+14 8.426595887e+37 4.2981456431e+40    5000.8082701 1.7749554908e+41               0  8.25987337e+50               0 3.8091964599e+43               0
                0        0     1.39731e+12          0    294.97607355        0.0062786 3.1057312896e+14 4.9859794308e+37 4.2947050267e+40    4999.8071971 1.763355626e+41               0 8.2598661957e+50               0 3.7886794481e+43               0
                0        0     1.40732e+12          0    297.51661319       0.00761781 6.2848803023e+11 3.0151512393e+40 7.7725394376e+40     128912.2205 1.281948047e+51               0 8.3990858126e+50               0 9.0830999921e+49               0
                0        0     1.40899e+12          0    298.22261643        0.0126979  3.12277555e+14 1.0139031265e+38 4.3470712529e+40     5001.274196 1.7999738685e+41               0 8.4334809324e+50               0 3.8608106797e+43               0
                0        0     1.41566e+12          0    304.42443075        0.0278984 3.155078968e+14 2.2506777612e+38 4.4496295042e+40    5004.6960541 1.8790069697e+41               0 8.7698011607e+50               0 4.0144533213e+43               0
                0        0     1.42232e+12          0    306.98708292        0.0115279 3.1683309029e+14 9.339089193e+37 4.4737294412e+40    5000.9673967 1.8491549837e+41               0 8.9105134232e+50               0 3.9677055214e+43               0
                0        0     1.42733e+12          0    308.18944904       0.00720843 6.4214632761e+11 2.8926054665e+40 7.9974401305e+40    128446.59878 1.3218944361e+51               0 8.9809184569e+50               0 9.4252838079e+49               0
                0        0     1.43066e+12          0    308.61965379       0.00387223 6.4269296976e+11 1.5546976055e+40 6.6737939967e+40     122713.7663 1.1327194263e+51               0 9.0047510252e+50               0 8.7432983985e+49               0
                0        0       1.439e+12          0    310.65146405       0.00730867 6.4527069574e+11 2.9419451351e+40 8.1286669692e+40    128657.68197 1.342269743e+51               0 9.1177066156e+50               0 9.5432627644e+49               0
                0        0     1.44067e+12          0     311.2738355        0.0112139 3.1903754213e+14 9.1479179177e+37 4.5358787981e+40    5000.8787618 1.8738885849e+41               0 9.1482684167e+50               0 4.0211875173e+43               0
                0        0     1.45734e+12          0      320.448704        0.0165075 3.2370524926e+14 1.3663275877e+38 4.6738205987e+40    5002.0151126 1.9435270023e+41               0 9.6669001406e+50               0 4.1651582164e+43               0
                0        0     1.46901e+12          0    325.32167567        0.0125237 3.2615720937e+14 1.0444398354e+38 4.741467399e+40    5001.1117834 1.9614480124e+41               0 9.9477337834e+50               0 4.2079496115e+43               0
                0        0     1.48069e+12          0    328.41112967          0.00794 6.6752888704e+11 3.2661269314e+40 9.0628410334e+40     129981.9115 1.4873557047e+51               0 1.0132835366e+51               0 1.0388023253e+50               0
                0        0     1.48569e+12          0    329.44342943       0.00619256 6.6880803847e+11 2.5504354896e+40 8.3836486668e+40    127353.06054 1.3927740865e+51               0 1.0193370558e+51               0 1.0079440519e+50               0
                0        0     1.49402e+12          0    330.62873684       0.00426523 6.7027485966e+11 1.7591176117e+40 7.6343810377e+40    124270.73123 1.2865010901e+51               0 1.0263084945e+51               0 9.7153092121e+49               0
                0        0     1.49736e+12          0    330.96456196       0.00302001 6.7069007113e+11 1.2460422031e+40 7.1332468962e+40     122141.3558 1.2138882293e+51               0 1.0282876797e+51               0 9.4461651039e+49               0
                0        0      1.5007e+12          0      331.166033       0.00181179 6.7093908947e+11 7.4771363955e+39 6.6420880569e+40    119960.00377 1.1416480273e+51               0 1.0294758997e+51               0 9.1660793702e+49               0
                0        0     1.50903e+12          0    332.10332857       0.00337278 6.720968114e+11 1.393458892e+40 7.3212460919e+40    122809.56548 1.2420620738e+51               0 1.035012192e+51               0 9.5743218114e+49               0
                0        0      1.5107e+12          0    332.40684863       0.00546883 6.7247143789e+11 2.2602438554e+40 8.1988712028e+40     126300.0305 1.3687343985e+51               0 1.0368079416e+51               0 1.0049483223e+50               0
                0        0     1.51904e+12          0    334.77197255       0.00850764 6.7538608925e+11 3.5259068803e+40 9.5493432975e+40    130923.97482 1.560353322e+51               0 1.0508505314e+51               0 1.0761698548e+50               0
                0        0     1.52904e+12          0    338.66881843        0.0116882 3.3278066754e+14 9.9455661939e+37 4.9350707251e+40    5000.8768736 2.0387829426e+41               0 1.0736034292e+51               0 4.3750447368e+43               0
                0        0     1.53404e+12          0    341.10046219        0.0145782 3.3397321415e+14 1.2449139389e+38 4.9729367208e+40    5001.4885178 2.061661281e+41               0 1.0882657863e+51               0 4.4210169633e+43               0
                0        0     1.53404e+12          0    341.10046219        0.0205891 3.3397321415e+14 1.7582182698e+38 4.9780697642e+40    5002.7786471 2.0791434969e+41               0 1.0882673414e+51               0 4.4518731733e+43               0
                0        0     1.53905e+12          0    345.26471154        0.0249805 3.360056488e+14 2.1462064453e+38 5.0425086585e+40    5003.6881491 2.1170858094e+41               0 1.1135909949e+51               0 4.5283624697e+43               0
                0        0     1.54738e+12          0    355.91611832        0.0383282 3.4114916328e+14 3.3433860326e+38 5.2093796026e+40    5006.4076228 2.2215448909e+41               0 1.1795924661e+51               0 4.7369251447e+43               0
                0        0     1.55405e+12          0     362.2944836        0.0286797 3.4419245263e+14 2.5240603607e+38 5.2939443608e+40    5004.3310604 2.2308691461e+41               0 1.2199527766e+51               0 4.7682043845e+43               0
                0        0     1.55906e+12          0    365.82280579        0.0211657 3.4586440663e+14 1.8718122967e+38 5.3387328585e+40    5002.7462286 2.2293630916e+41               0 1.242548178e+51               0 4.7737027044e+43               0
                0        0     1.57073e+12          0    376.67807323        0.0278984 3.5095840885e+14 2.5035642338e+38 5.5029141901e+40    5004.0566767 2.3152794683e+41               0 1.3132778911e+51               0 4.9501867275e+43               0
                0        0      1.5724e+12          0    377.92172291        0.0223678 3.5153729793e+14 2.0105666312e+38 5.5160701139e+40    5002.9204842 2.3057226501e+41               0 1.3214946434e+51               0 4.9362179133e+43               0
                0        0      1.5824e+12          0    383.20197875        0.0158376 3.5398458795e+14 1.4334993924e+38 5.5870880901e+40    5001.5666877 2.3173146011e+41               0 1.3566512024e+51               0 4.9687904376e+43               0
                0        0      1.5924e+12          0    389.97429655        0.0203068 3.570988684e+14 1.8541879519e+38 5.6897820845e+40    5002.4358996 2.3717235858e+41               0 1.4023715235e+51               0 5.0803557804e+43               0
                0        0     1.59574e+12          0    393.34459063        0.0303084 3.5863863533e+14 2.7793540482e+38 5.7480465842e+40    5004.4158868 2.423407579e+41               0 1.4253890391e+51               0 5.1792247142e+43               0
                0        0     1.60908e+12          0    404.92068529        0.0260371 3.6387771921e+14 2.4225450628e+38 5.9128250085e+40    5003.4882653 2.4796386274e+41               0 1.5057509849e+51               0 5.3050713392e+43               0
                0        0     1.61241e+12          0    406.94262377        0.0181829 3.647850848e+14 1.6959928317e+38 5.9349637288e+40    5001.9326747 2.4667827267e+41               0 1.5199932334e+51               0 5.2870466101e+43               0
                0        0     1.61908e+12          0     412.0542122        0.0229941 3.6706895998e+14 2.1581810079e+38 6.0139213964e+40    5002.8498331 2.5128050956e+41               0 1.5562858795e+51               0 5.3799898728e+43               0
                0        0     1.62242e+12          0    415.66544332        0.0324751 3.6867394199e+14 3.0613763934e+38  6.07547004e+40    5004.6718957 2.5652175849e+41               0 1.5821673646e+51               0 5.4806784715e+43               0
                0        0     1.62742e+12          0    424.08716066        0.0505202 3.7239002944e+14 4.8104631812e+38 6.2154345744e+40    5008.0737248 2.6760172652e+41               0 1.6432898937e+51               0 5.6950436537e+43               0
                0        0     1.63409e+12          0    432.15327506        0.0362685 3.7591476721e+14 3.4861235146e+38 6.319493453e+40     5005.272594 2.677464112e+41               0 1.7028184896e+51               0 5.7165377097e+43               0
                0        0     1.63576e+12          0    433.68040196        0.0275158 3.7657837816e+14 2.6494840789e+38 6.3333354543e+40    5003.5966554 2.6576399984e+41               0 1.7141956765e+51               0 5.6851862549e+43               0
                0        0     1.63909e+12          0    435.87700228        0.0197536 3.7753086229e+14 1.9068762278e+38 6.3578536556e+40    5002.1102859 2.6452489413e+41               0 1.7306241937e+51               0  5.66839069e+43               0
                0        0     1.64409e+12          0    439.87225117        0.0239667 3.7925713961e+14 2.3241587786e+38 6.4201277877e+40     5002.889337 2.6831395924e+41               0 1.7607007454e+51               0 5.7444192685e+43               0
                0        0     1.65243e+12          0    448.41516337        0.0307299 3.8292227223e+14 3.0088155412e+38 6.5512105102e+40    5004.1110171 2.7571964642e+41               0 1.8258134845e+51               0 5.8946586667e+43               0
                0        0     1.65577e+12          0    452.91525776        0.0405049 3.8483889413e+14 3.9857523574e+38 6.6264229511e+40    5005.9000048 2.8176288021e+41               0 1.8605551026e+51               0 6.0114493854e+43               0
                0        0      1.6641e+12          0    461.94008805        0.0324751 3.8865414936e+14 3.2272870484e+38 6.750082795e+40    5004.3477567 2.8447587764e+41               0 1.9311218961e+51               0 6.080199812e+43               0
                0        0     1.66577e+12          0    463.44898865        0.0271385 3.8928839002e+14 2.7013513904e+38 6.7667667763e+40    5003.3563711 2.8356044782e+41               0 1.9430359009e+51               0 6.0675666256e+43               0
                0        0     1.67244e+12          0    468.70373828        0.0236381 3.9148911463e+14 2.3662250402e+38 6.8398332347e+40    5002.6877172 2.8552370421e+41               0 1.9847998429e+51               0 6.1142901942e+43               0
                0        0     1.68244e+12          0    477.26801828          0.02568 3.950496205e+14 2.5940029023e+38 6.9666579117e+40    5003.0190657 2.9137189995e+41               0 2.0537505387e+51               0 6.2371406265e+43               0
                0        0     1.68578e+12          0    479.58936276        0.0208754 3.9600917974e+14 2.1137997806e+38 6.9956142647e+40    5002.1383345 2.9110647366e+41               0  2.07262276e+51               0 6.2377940767e+43               0
                0        0     1.68745e+12          0    480.49459192        0.0162811 3.9638273897e+14 1.6501456063e+38 7.0041421085e+40    5001.3037411 2.900668756e+41               0 2.0800017459e+51               0 6.2215075327e+43               0
                0        0     1.69912e+12          0    488.07336222        0.0194827 3.994965518e+14 1.9901507181e+38 7.1177571846e+40    5001.8554355 2.9570812177e+41               0 2.1422849231e+51               0 6.3384665869e+43               0
                0        0     1.70912e+12          0    494.75280027        0.0200283 4.0222088087e+14 2.0598352696e+38 7.2155904259e+40    5001.9290019 2.9989935941e+41               0 2.1978775781e+51               0 6.4277595062e+43               0
                0        0     1.71746e+12          0    499.73651992        0.0179335 4.0424162064e+14 1.8536591224e+38 7.2860049058e+40    5001.5396106 3.0214913821e+41               0 2.2397821246e+51               0 6.478890128e+43               0
                0        0     1.72246e+12          0    504.93354088        0.0311572 4.0633814386e+14 3.2372020282e+38 7.3754185319e+40    5003.8551838 3.0995237869e+41               0 2.2838817238e+51               0 6.6284813671e+43               0
                0        0     1.72913e+12          0    508.75836799        0.0172057 4.0787422825e+14 1.794412974e+38 7.4166135721e+40    5001.3833197 3.0728932129e+41               0 2.3165705408e+51               0 6.5902982473e+43               0
                0        0     1.73414e+12          0    510.52725503        0.0106112 4.0858267595e+14 1.1085830601e+38 7.4354794896e+40    5000.2202173 3.0601803669e+41               0 2.3317604231e+51               0 6.5718526968e+43               0
                0        0     1.74414e+12          0    513.40400602       0.00862594 8.7666831442e+11 4.2237200955e+40 1.8390288206e+41    135372.77756 2.9434156748e+51               0 2.3592672369e+51               0 1.9152120089e+50               0
                0        0     1.75581e+12          0    516.05808047       0.00682106 8.7943004953e+11 3.3466778182e+40 1.7660094459e+41    133797.95203 2.8473308689e+51               0 2.3823152071e+51               0 1.890885787e+50               0
                0        0     1.76081e+12          0    516.96973443       0.00546883 8.8037740522e+11 2.6850687362e+40 1.704910142e+41    132553.98562 2.764772921e+51               0 2.3902559011e+51               0 1.8661955223e+50               0
                0        0     1.76582e+12          0     517.6617943       0.00414904 8.8109613221e+11 2.0381455463e+40 1.6440661815e+41    131301.60583 2.6816766066e+51               0 2.3962920402e+51               0 1.8402887708e+50               0
                0        0     1.77082e+12          0    518.18652422       0.00314775 8.8164083179e+11 1.5468899062e+40 1.5978619309e+41    130328.92877 2.618120317e+51               0 2.4008734196e+51               0 1.8200864162e+50               0
                0        0     1.77582e+12          0    518.99211485       0.00482968 8.8247666233e+11 2.3748743733e+40 1.6851510783e+41    132010.95022 2.7396406731e+51               0 2.4079148449e+51               0 1.8625049884e+50               0
                0        0     1.77582e+12          0    518.99211485       0.00627867 8.8247666233e+11 3.0873789737e+40 1.7564015383e+41      133384.756 2.8372886776e+51               0 2.4079148449e+51               0 1.8944032693e+50               0
                0        0     1.78916e+12          0    522.82720777       0.00862594 8.8644879808e+11 4.2537867236e+40 1.8945163874e+41    135628.08344 3.0286258515e+51               0 2.4415668874e+51               0 1.9641894857e+50               0
                0        0     1.80083e+12          0    525.40897966       0.00663524 8.8911642896e+11 3.2783872034e+40 1.8115217515e+41    133916.29694 2.9191026116e+51               0 2.4643428604e+51               0 1.9355630925e+50               0
                0        0     1.80917e+12          0    526.84709548       0.00517494 8.9060015349e+11 2.559598796e+40 1.7477761108e+41    132611.72608 2.8335255968e+51               0 2.4770720605e+51               0 1.9111520898e+50               0
                0        0     1.82751e+12          0     529.2145769       0.00387223 8.9303928185e+11 1.9186119045e+40 1.6971150309e+41    131460.23361 2.766165224e+51               0 2.4980933578e+51               0 1.8942811711e+50               0
                0        0     1.83418e+12          0    530.33362844       0.00503397 8.941907177e+11 2.4962862598e+40 1.7612550708e+41    132599.64045 2.8555384348e+51               0 2.5080581868e+51               0 1.9263051674e+50               0
                0        0     1.83919e+12          0    531.58685355       0.00751334 8.954790858e+11 3.7292077758e+40 1.8916998766e+41    134892.31134 3.0344923131e+51               0 2.5192395508e+51               0 1.9867566151e+50               0
                0        0     1.85086e+12          0    535.94906065        0.0112139 4.1863182344e+14 1.2003632967e+38 7.8060964423e+40    5000.2787946 3.2137954657e+41               0 2.5551897974e+51               0 6.9012800592e+43               0
                0        0     1.85919e+12          0    541.51492522        0.0200283 4.2079996776e+14 2.1549816438e+38 7.8965847679e+40    5001.7713833 3.2790620347e+41               0 2.6053707745e+51               0 7.0293102721e+43               0
                0        0     1.86586e+12          0    544.49931082         0.013419 4.2195792646e+14 1.4478150664e+38 7.9329138282e+40    5000.6386177 3.2727702025e+41               0 2.6324509054e+51               0 7.0250025462e+43               0
                0        0     1.87587e+12          0     547.9885752        0.0104657 4.233077643e+14 1.1327871274e+38 7.9805065249e+40    5000.1307162 3.2828043212e+41               0 2.6642805495e+51               0 7.0506747428e+43               0
                0        0     1.87754e+12          0    548.88138888        0.0160578 4.2365246232e+14 1.7394805167e+38 7.9995572911e+40    5001.0763147 3.3085785257e+41               0 2.672459981e+51               0 7.0982772437e+43               0
                0        0     1.88254e+12          0    552.56116368         0.022061 4.2507020171e+14 2.3977817207e+38 8.0596537961e+40    5002.0799298 3.3527152054e+41               0 2.7062755864e+51               0 7.1846415248e+43               0
                0        0     1.89088e+12          0    556.96243272        0.0158376 4.2675973201e+14 1.7282103158e+38 8.1169639772e+40    5001.0195093 3.3560413853e+41               0 2.7469637276e+51               0 7.2005770063e+43               0
                0        0     1.89754e+12          0    561.11768655        0.0186921 4.2834870798e+14 2.0472899117e+38 8.1805829675e+40    5001.4875692 3.391456631e+41               0 2.7856435582e+51               0 7.272631955e+43               0
                0        0     1.90588e+12          0    564.95126147        0.0137948 4.2980946364e+14 1.516055748e+38 8.2310207725e+40    5000.6596679 3.3961669412e+41               0 2.8215410196e+51               0 7.2896965174e+43               0
                0        0     1.91255e+12          0    567.15276283       0.00990329 9.3156292837e+11 5.0411788476e+40 2.232923848e+41    137852.37103 3.5328784557e+51               0 2.8461102658e+51               0 2.2270815784e+50               0
                0        0     1.92256e+12          0    569.72863012       0.00772374 9.341415135e+11 3.9386534609e+40 2.1384105867e+41    136181.55804 3.4097318378e+51               0 2.870497734e+51               0 2.1956950676e+50               0
                0        0      1.9359e+12          0    573.35844051       0.00816238 9.3776744923e+11 4.1726563598e+40 2.1841111095e+41    136638.46233 3.475208954e+51               0 2.9050266141e+51               0 2.2248161621e+50               0
                0        0     1.94257e+12          0    574.91722367       0.00701207 9.3932181947e+11 3.5884087405e+40 2.1353064128e+41    135756.21055 3.4115254108e+51               0 2.9199131651e+51               0 2.2088738981e+50               0
                0        0     1.95591e+12          0    578.39973163       0.00783114 9.4278854286e+11 4.0170156953e+40 2.1997538424e+41    136517.47094 3.5020687549e+51               0 2.9532983722e+51               0 2.2454807229e+50               0
                0        0     1.96591e+12          0    580.46433113       0.00619256 9.4483994105e+11 3.1809165173e+40 2.1290031397e+41    135259.20003 3.4093283917e+51               0 2.973173451e+51               0 2.2216209483e+50               0
                0        0     1.97258e+12          0    582.13529795       0.00751334 9.4649814077e+11 3.8636872497e+40 2.2077212624e+41    136372.88822 3.5171174745e+51               0 2.9893042349e+51               0 2.2593039044e+50               0
                0        0     1.98258e+12          0    584.34748697       0.00663524 9.4869057473e+11 3.4171810149e+40 2.1769396889e+41    135737.91295 3.4783379041e+51               0 3.0107217074e+51               0 2.2526629404e+50               0
                0        0     1.98926e+12          0    585.92865533       0.00710957 9.5025563992e+11 3.665324001e+40 2.2116991668e+41    136164.26515 3.5268753967e+51               0 3.0260731515e+51               0 2.2716329351e+50               0
                0        0     1.99759e+12          0    587.25241531       0.00476344 9.5156465191e+11 2.457943887e+40 2.0993079637e+41    134307.95884 3.3766856117e+51               0 3.0389531499e+51               0 2.2276001607e+50               0
                0        0     2.00426e+12          0    588.11321204       0.00387223 9.5241524111e+11 1.9992195895e+40 2.0588732903e+41    133596.81286 3.3226218116e+51               0 3.0473421284e+51               0 2.2123164866e+50               0
                0        0     2.01093e+12          0    588.76627386       0.00293775 9.530602349e+11 1.5174072814e+40 2.014822843e+41     132831.4467 3.2631299561e+51               0 3.0537137268e+51               0 2.1945709041e+50               0
                0        0     2.02094e+12          0    589.37050583       0.00181179 9.5365675362e+11 9.3620061467e+39 1.9605281816e+41    131886.11914 3.1891867301e+51               0 3.0596143874e+51               0 2.1716985051e+50               0
                0        0     2.02594e+12          0     589.6062009       0.00141304 9.5388937529e+11 7.3026963144e+39 1.9414285717e+41    131547.68492 3.163090947e+51               0 3.061917506e+51               0 2.1635900661e+50               0
                0        0     2.03594e+12          0    589.95398471       0.00104283 9.5423255785e+11 5.3906629536e+39 1.9245130706e+41    131236.59748 3.1400691893e+51               0 3.0653173722e+51               0 2.1567179676e+50               0
