                0        0     1.32427e+08          0 0.0023203237747  0.00052564662633     75493012976 1.3508292829e+33 3.0159898915e+33    5220.4260968 4.1631799911e+34               0 6.4141043084e+37               0 7.006986738e+36               0
                0        0     2.76596e+09          0  0.094995515518  0.0010557121306 3.2827827309e+11 2.5542960366e+34 5.7029641893e+34    5220.4260968 7.8721969426e+35               0 1.7173481761e+43               0 1.3249578374e+38               0
                0        0     4.08273e+09          0   0.94494407713   0.019364427308 1.8619278864e+12 8.2169881786e+35 1.8346029064e+36    5220.4260968 2.5324296123e+37               0 5.8294394729e+45               0 4.2622948674e+39               0
                0        0     4.08273e+09          0   0.94494407713  0.0032430030307 1.8619278864e+12 1.3761169975e+35 1.1505157883e+36    4645.6188844 5.2332306261e+35               0 5.8294394729e+45               0 1.7457868007e+38               0
                0        0     6.71627e+09          0    1.4358159779  0.0055917814728 1.8417220099e+12 3.6449338283e+35 1.3555324336e+36    4866.5064148 2.5293121143e+36               0 1.5304121914e+46               0 6.3654264962e+38               0
                0        0     1.19833e+10          0    2.4175597793  0.0055917814728 1.825290004e+12 6.1924183805e+35 1.5926755038e+36    5089.4136278 1.084427185e+37               0 4.9320319317e+46               0 2.1046667085e+39               0
                0        0     1.59336e+10          0    3.1224657748  0.0053533047074 1.816764032e+12 7.692825503e+35 1.7336435924e+36    5210.6578171 2.2731646154e+37               0 8.6598245159e+46               0 3.8658462204e+39               0
                0        0     1.72504e+10          0     3.337820049  0.0049064289037 1.8140820368e+12 7.5480759259e+35 1.7163234633e+36    5201.4351047 2.1434424012e+37               0 1.001668324e+47               0 3.6812614106e+39               0
                0        0     2.25175e+10          0    4.1359784518  0.0045461222798 1.8788800787e+12 8.3672948417e+35 1.8681618011e+36    5220.4260968 2.5787532818e+37               0 1.5942916077e+47               0 4.3402615512e+39               0
                0        0     2.38342e+10          0    4.3110616286  0.0039889301579 1.8770270971e+12 7.6601076925e+35 1.7954096593e+36    5171.3922376 1.9107433893e+37               0 1.7432649261e+47               0 3.389258195e+39               0
                0        0     2.77846e+10          0    4.6190220415  0.0023387599748 1.8723824492e+12 4.823984234e+35 1.5067091824e+36    4955.7790901 4.7912042446e+36               0 2.0219162016e+47               0 1.0836066903e+39               0
                0        0     2.91013e+10          0     4.816399268  0.0044968567833 1.969562564e+12 9.194465997e+35 2.0528438979e+36    5220.4260968 2.8336827867e+37               0 2.2116626416e+47               0 4.7693296347e+39               0
                0        0     3.04181e+10          0    5.1351913587  0.0072630586679 2.3607572364e+12 1.320959822e+36 2.9493004931e+36    5220.4260968 4.0711239898e+37               0 2.5365509845e+47               0 6.8520486423e+39               0
                0        0     3.56852e+10          0    5.5930740187  0.0026079917908 2.3497821612e+12 5.1903176575e+35 2.3240878146e+36    4930.0485163 6.3509610414e+36               0 3.0430363524e+47               0 1.4807061116e+39               0
                0        0     4.09522e+10          0    6.3407212851  0.0042584227436 2.3431153621e+12 9.6351508584e+35 3.9450718285e+36    5635.3222272 4.0659149699e+38               0 3.971108759e+47               0 4.5501398752e+40               0
                0        0     4.09522e+10          0    6.3407212851   0.010181536223 2.8345008595e+12 1.9043209061e+36 4.8858776488e+36    5405.0437211 1.7175221603e+38               0 3.9711087577e+47               0 2.3924174165e+40               0
                0        0     4.88528e+10          0    7.8457803382  0.0057149745965 2.8145205735e+12 1.3320200911e+36 8.3213091763e+36    6196.5158054 8.2904837356e+39               0 6.219531401e+47               0 5.8179384027e+41               0
                0        0     4.88528e+10          0    7.8457803382  0.0041214743609 7.428121455e+12 3.639774727e+35 1.6485297654e+37    4525.1873163 3.2683090897e+36               0 6.2195309198e+47               0 1.2860897478e+39               0
                0        0     5.14864e+10          0    8.1273807459  0.0032078591995 7.2843043521e+12 2.9925579859e+35 1.5802363977e+37    4521.5603788 3.0533409166e+36               0 6.6965761243e+47               0 1.2076538545e+39               0
                0        0     5.14864e+10          0    8.1273807459  0.0026654487313 7.2843043521e+12 2.4865523674e+35 1.5751763415e+37    4517.9364156 2.9661954519e+36               0 6.6965761143e+47               0 1.1792005576e+39               0
                0        0     5.14864e+10          0    8.1273807459  0.0020745935762 7.2843043521e+12 1.9353535139e+35 1.569664353e+37    4513.9788335 2.8737158869e+36               0 6.6965761031e+47               0 1.1488437472e+39               0
                0        0     5.41199e+10          0     8.272250532  0.0016502883642 7.1571905918e+12 1.5947980209e+35 1.512623916e+37    4511.9399452 2.7293340759e+36               0 6.9489055639e+47               0 1.0942762856e+39               0
                0        0     5.41199e+10          0     8.272250532  0.0013563844945 7.1571905918e+12 1.3107765615e+35 1.5097837014e+37    4509.8204642 2.6833256132e+36               0 6.9489055571e+47               0 1.0790648578e+39               0
                0        0     6.20205e+10          0    8.9086371799  0.0024164723098 6.8518703692e+12 2.6269312737e+35 1.397974835e+37    4521.3916762 2.6979408996e+36               0 8.1129271243e+47               0 1.0673402994e+39               0
                0        0     6.86044e+10          0    9.2747794623  0.0016683681651 6.6526620748e+12 1.9447544597e+35 1.3843536962e+37    4577.3686962 3.9552590175e+36               0 8.8236408188e+47               0 1.4473864172e+39               0
                0        0      7.6505e+10          0    9.7594198919   0.001840265163 6.4511188507e+12 2.3277381223e+35 1.6966183299e+37    4890.8053444 3.6675210811e+37               0 9.8103628481e+47               0 8.9619516322e+39               0
                0        0     7.78217e+10          0    9.8535041977   0.002143528188 6.4131436747e+12 2.7536813882e+35 1.7663432867e+37    4954.9029691 5.5880555925e+37               0 1.0007985389e+48               0 1.265129607e+40               0
                0        0      8.1772e+10          0    10.182270452  0.0024967668709 6.3033756078e+12 3.3722067118e+35 2.0164674041e+37    5166.1030995 2.0859837731e+38               0 1.0714032776e+48               0 3.7213257136e+40               0
                0        0     8.57223e+10          0    10.613977016  0.0032785318817 6.4769454332e+12 4.492127453e+35 2.385919022e+37    5315.3353128 5.3710763441e+38               0 1.1677675136e+48               0 8.1888326099e+40               0
                0        0     8.96726e+10          0    11.174712465  0.0042584227436 7.5896748552e+12 5.2423584505e+35 2.9287214119e+37    5168.4437148 3.067980887e+38               0 1.2991158316e+48               0 5.4593297953e+40               0
                0        0     9.36229e+10          0    11.879618461  0.0053533047074 8.4423643534e+12 6.2983257557e+35 3.7366384803e+37    5208.2291719 4.8371337226e+38               0 1.4741290316e+48               0 8.2475521329e+40               0
                0        0      1.0284e+11          0    13.542418578  0.0054119530538 7.9115510426e+12 7.7455698242e+35 6.2814780952e+37    6126.1341989 4.8235261438e+40               0 1.9304876445e+48               0 3.5726186654e+42               0
                0        0     1.10741e+11          0    14.806690907   0.004800664951 7.3496662034e+12 8.0864246797e+35 8.9467160265e+37    6943.5883608 1.0014823116e+42               0 2.318209656e+48               0 4.2313469976e+43               0
                0        0     1.18642e+11          0    15.928161807  0.0042584227436 6.7528428856e+12 8.3983223515e+35 1.1956726026e+38    7788.6395891 1.1397765762e+43               0 2.691457186e+48               0 3.0361651563e+44               0
                0        0     1.22592e+11          0    16.404348398  0.0036163288977 6.435436382e+12 7.7075022227e+35 1.3434549769e+38    8214.2636744 3.1493590744e+43               0 2.8582510786e+48               0 6.8796914901e+44               0
                0        0     1.27859e+11          0     16.94352998  0.0030710512985 6.0306198069e+12 7.214292897e+35 1.5274257671e+38    8762.1546534  9.92302486e+43               0 3.0530754204e+48               0 1.7240148778e+45               0
                0        0     1.27859e+11          0     16.94352998  0.0026365637504 6.0306198069e+12 6.1936259894e+35 1.5264051002e+38    8760.6905097 9.8912460138e+43               0 3.0530754204e+48               0 1.7194852476e+45               0
                0        0     1.30492e+11          0    17.123673628  0.0020521115847 5.8328969912e+12 5.0370743444e+35 1.5909385065e+38     9000.633045 1.5443063112e+44               0 3.1195773561e+48               0 2.4480417386e+45               0
                0        0     1.33126e+11          0    17.248047462  0.0014168081402 5.6428770882e+12 3.6208884474e+35 1.6361020518e+38    9215.1872198 2.2354789721e+44               0 3.1659029977e+48               0 3.2752184376e+45               0
                0        0     1.33126e+11          0    17.248047462  0.0017810833126 5.6428770882e+12 4.5518541341e+35 1.6370330174e+38    9216.4978338 2.2413071289e+44               0 3.1659029977e+48               0 3.2822108285e+45               0
                0        0     1.41027e+11          0    17.558078601  0.0011772428978  5.11311258e+12 3.3800448796e+35 1.7564384282e+38    9854.1102283 6.0325787731e+44               0 3.2828436588e+48               0 7.1195949779e+45               0
                0        0     1.42343e+11          0    17.594939023  0.00083979313592 5.0356565783e+12 2.4534021198e+35 1.7702792878e+38    9949.1105322 6.8961750145e+44               0 3.2968858748e+48               0 7.8979954685e+45               0
                0        0     1.42343e+11          0    17.594939023  0.0010217610465 5.0356565783e+12 2.9850097721e+35 1.7708108954e+38    9949.8573675 6.9050064933e+44               0 3.2968858748e+48               0 7.9062588453e+45               0
                0        0     1.46294e+11          0    17.687828957  0.00070543891414 4.8108114121e+12 2.1686045484e+35 1.8076230883e+38    10232.215181 1.0093098717e+45               0 3.3324036918e+48               0 1.0600671517e+46               0
                0        0     1.46294e+11          0    17.687828957  0.00056730717781 4.8108114121e+12 1.7439708832e+35 1.8071984546e+38    10231.614209 1.0083254513e+45               0 3.3324036918e+48               0 1.0592231447e+46               0
                0        0     1.56828e+11          0     17.86261694  0.00049777559227 4.2632040288e+12 1.7438427457e+35 1.8796278544e+38    10976.193894 2.4514654599e+45               0 3.3997439882e+48               0 2.0895793523e+46               0
                0        0     1.62095e+11          0    17.954904223  0.00052564662633 4.0418614937e+12 1.9523617974e+35 1.9189465475e+38    11331.225094 3.5917104997e+45               0 3.4355666505e+48               0 2.7945053243e+46               0
                0        0     1.64728e+11          0    18.008652018  0.00061226957023 3.9409082492e+12 2.3393344252e+35 1.9423907934e+38    11510.332035 4.3212779989e+45               0 3.4565147318e+48               0 3.2167434087e+46               0
                0        0     1.69995e+11          0    18.194002402  0.0010557121306 3.7505552513e+12 4.2819633502e+35 2.0254453169e+38    11922.963317 6.5621765567e+45               0 3.5292348536e+48               0 4.4308029938e+46               0
                0        0     1.69995e+11          0    18.194002402  0.0008676977889 3.7505552513e+12 3.5193780799e+35 2.0246827316e+38    11921.840902 6.5532624403e+45               0 3.5292348536e+48               0 4.4259244223e+46               0
                0        0     1.69995e+11          0    18.194002402  0.00071316737871 3.7505552513e+12 2.8926034756e+35 2.024055957e+38    11920.918144 6.5459418467e+45               0 3.5292348536e+48               0 4.4219170039e+46               0
                0        0     1.71312e+11          0    18.249769553  0.0012705462425 3.7059150806e+12 5.2313906457e+35 2.0512894999e+38    12032.638479 7.3084543994e+45               0 3.5512601249e+48               0 4.8129332424e+46               0
                0        0     1.72629e+11          0    18.316885145  0.0015290984233 3.6620679068e+12 6.3947772808e+35 2.0827177703e+38    12150.559318 8.2009511334e+45               0 3.5778567804e+48               0 5.2597501835e+46               0
                0        0     1.75263e+11          0    18.478431955   0.001840265163 3.5766379983e+12 7.9494171531e+35 2.1584961506e+38    12405.154784 1.0470802717e+46               0 3.6422746574e+48               0 6.3519624464e+46               0
                0        0     1.77896e+11          0    18.668662056  0.0021670116978 3.4938948913e+12 9.6812039199e+35 2.250161871e+38    12682.368953 1.3551953725e+46               0 3.7188542854e+48               0 7.7539689336e+46               0
                0        0     1.77896e+11          0    18.668662056  0.0025241203014 3.4938948913e+12 1.1276599652e+36 2.2517572667e+38    12684.616349 1.3584772816e+46               0 3.7188542854e+48               0 7.7691282963e+46               0
                0        0     1.81846e+11          0     19.05580209  0.0029400779435 3.3753084604e+12 1.387833491e+36 2.4460675542e+38    13175.352359 2.1099104825e+46               0 3.8771192644e+48               0 1.0934006048e+47               0
                0        0     1.83163e+11          0    19.198144836  0.0032430030307 3.3358260352e+12 1.5605151107e+36 2.5212844191e+38    13353.823261 2.4584228679e+46               0 3.9361239744e+48               0 1.2309489295e+47               0
                0        0      1.8448e+11          0    19.362147944   0.003736492303 3.2967465777e+12 1.834834156e+36 2.6107516156e+38     13550.34859 2.901127333e+46               0 4.0046498124e+48               0 1.3998294534e+47               0
                0        0     1.89747e+11          0    20.032613054  0.0038188113566 3.1490574803e+12 2.0311873061e+36 2.990875328e+38    14343.698389 5.4031042008e+46               0 4.2908250655e+48               0 2.2639004404e+47               0
                0        0     1.95014e+11          0    20.640450808  0.0034621006929 3.0036428556e+12 1.9891857306e+36 3.3677352833e+38    15129.068932 9.2900316974e+46               0 4.5586345836e+48               0 3.4243676648e+47               0
                0        0     2.01598e+11          0    21.336822697  0.0031730962155 2.8293931691e+12 2.0007113813e+36 3.843034578e+38    16111.047707 1.6824746633e+47               0 4.8752091548e+48               0 5.3564078669e+47               0
                0        0     2.05548e+11          0     21.72820406  0.0029722880864 2.7273082822e+12 1.9799091131e+36 4.1311424617e+38    16709.070378 2.3224734592e+47               0 5.0576988592e+48               0 6.8063273928e+47               0
                0        0     2.16082e+11          0    22.818381274  0.0031046963253 2.4807691161e+12 2.3877143389e+36 5.0245420611e+38    18398.516611 5.1611723106e+47               0 5.583298047e+48               0 1.2234448797e+48               0
                0        0     2.17399e+11          0    22.946029497   0.002908216856 2.450101427e+12 2.2772726247e+36 5.1362768978e+38    18615.381307 5.6463969028e+47               0 5.6465006235e+48               0 1.3051650287e+48               0
                0        0     2.23983e+11          0    23.563745151  0.0028146903043 2.3051158198e+12 2.4057302927e+36 5.710827683e+38     19707.44165 8.595259707e+47               0 5.957259364e+48               0 1.7606384593e+48               0
                0        0     2.31884e+11          0    24.363753004  0.0030377708767 2.144948319e+12 2.885008676e+36 6.5281290261e+38    21124.703744 1.3923269216e+48               0 6.3717978411e+48               0 2.4704184216e+48               0
                0        0     2.37151e+11          0    24.831723325  0.0026654487313 2.0432074059e+12 2.7085040794e+36 7.0402792777e+38      22056.8305 1.832101809e+48               0 6.6205890813e+48               0 2.9783167474e+48               0
                0        0     2.45051e+11          0    25.533678806  0.0026654487313 1.9019646345e+12 2.9918928858e+36 7.8703869617e+38    23507.132959 2.6831671842e+48               0 7.0024834542e+48               0 3.8423355091e+48               0
                0        0     2.51635e+11          0    26.052569282  0.0023643823544 1.7924437829e+12 2.8733430472e+36 8.5262234366e+38    24704.056194 3.5233268525e+48               0 7.2914880339e+48               0 4.5781397875e+48               0
                0        0     2.55585e+11          0    26.331763476  0.0021202991647 1.7305515535e+12 2.697474203e+36 8.8946178536e+38    25409.224692 4.0713704725e+48               0 7.4493449406e+48               0 5.0097824291e+48               0
                0        0      2.6612e+11          0    27.076281327  0.0021202991647 1.5787643028e+12 3.040420247e+36 9.9443033331e+38    27355.005268 5.8226992417e+48               0 7.878340391e+48               0 6.2230690509e+48               0
                0        0      2.6612e+11          0    27.076281327  0.0019222445211 1.5787643028e+12 2.7564181786e+36 9.9414633124e+38    27353.051961 5.8197352544e+48               0 7.878340391e+48               0 6.2207417579e+48               0
                0        0     2.68753e+11          0     27.22273824  0.0016683681651 1.5438439793e+12 2.4597164578e+36 1.0154741969e+39    27807.847935 6.2549202196e+48               0 7.9641052847e+48               0 6.4809052921e+48               0
                0        0      2.7402e+11          0    27.488291331  0.0015125278631 1.4769376541e+12 2.3537141587e+36 1.0554774578e+39    28706.683437 7.1426582667e+48               0 8.1207647687e+48               0 6.9715185369e+48               0
                0        0      2.7797e+11          0    27.664960189  0.0013416856036 1.429811564e+12 2.1705348242e+36 1.0826303592e+39    29361.788684 7.8071318801e+48               0 8.2258104035e+48               0 7.3057704899e+48               0
                0        0     2.81921e+11          0    27.818295882  0.0011644853317 1.385006718e+12 1.9555882466e+36 1.1065695108e+39    29996.500824 8.4551763516e+48               0 8.3175145907e+48               0 7.6039589761e+48               0
                0        0     2.87188e+11          0    27.995741494  0.0010106884087 1.3284368105e+12 1.7808736672e+36 1.1348497836e+39     30822.36827 9.3024458679e+48               0 8.4242550624e+48               0 7.956218198e+48               0
                0        0     2.89821e+11          0    28.071911935  0.0008676977889 1.3018948403e+12 1.5643334493e+36 1.1470150166e+39    31218.079625 9.7058013491e+48               0 8.4702775734e+48               0 8.1084609269e+48               0
                0        0     2.91138e+11          0    28.104608918  0.00074493725899 1.2890421871e+12 1.3579846658e+36 1.1521546902e+39     31408.41304 9.8954016197e+48               0 8.4900706304e+48               0 8.1750027862e+48               0
                0        0     2.93772e+11          0    28.159540837  0.0006257585453 1.263827657e+12 1.1657602882e+36 1.1609860462e+39    31780.789624 1.0258034483e+49               0 8.5233741285e+48               0 8.2932587313e+48               0
                0        0     2.99039e+11          0    28.255939295  0.00054906291105 1.2153133123e+12 1.0673536903e+36 1.1768510122e+39     32519.06909 1.0968837678e+49               0 8.5819707008e+48               0 8.5031080182e+48               0
                0        0     3.06939e+11          0    28.410306018  0.00058615766522 1.1478411872e+12 1.2130349392e+36 1.2029019947e+39    33644.844092 1.2083146439e+49               0 8.676210186e+48               0 8.8043192297e+48               0
                0        0      3.1879e+11          0    28.636864763  0.00057352233456 1.0570147263e+12 1.2991506644e+36 1.2417806705e+39    35340.489927 1.3777601429e+49               0 8.8154279819e+48               0 9.1852418154e+48               0
                0        0     3.22741e+11          0    28.720165354  0.00063261406837 1.0306646838e+12 1.4739173824e+36 1.2564520787e+39    35894.643619 1.4356235555e+49               0 8.8668860293e+48               0 9.3069028298e+48               0
                0        0     3.29324e+11          0    28.866773169  0.00066803486545 9.8884495511e+11 1.6305492488e+36 1.2824307379e+39    36833.775739 1.5353290017e+49               0 8.9578048769e+48               0 9.5028677215e+48               0
                0        0     3.37225e+11          0    29.058726131  0.00072887924398 9.4231684676e+11 1.8793166155e+36 1.3170881348e+39    37984.559345 1.6614146977e+49               0 9.0775257101e+48               0 9.7335249205e+48               0
                0        0     3.41175e+11          0    29.165751169  0.00081278588024 9.2077858568e+11 2.1525778156e+36 1.3368446764e+39    38569.543038 1.7284172967e+49               0 9.1446123573e+48               0 9.8542464044e+48               0
                0        0     3.42492e+11          0    29.205968826  0.00091628119678 9.1383993373e+11 2.4484712751e+36 1.3445176223e+39    38771.126487 1.7526714166e+49               0 9.1698840699e+48               0 9.900336053e+48               0
                0        0     3.46442e+11          0    29.341985026  0.0010329549909 8.9340957453e+11 2.8365147157e+36 1.3700816568e+39    39397.001839 1.8305032882e+49               0 9.255604063e+48               0 1.0050103557e+49               0
                0        0     3.50393e+11          0    29.503906164  0.0012296862191 8.7372904219e+11 3.4718568193e+36 1.4011478219e+39    40062.169508 1.9189449793e+49               0 9.3581548472e+48               0 1.022767631e+49               0
                0        0     3.54343e+11          0    29.718855952  0.0016324044907 8.5475667391e+11 4.7455015685e+36 1.4435996466e+39    40807.717358 2.0294595638e+49               0 9.4951382886e+48               0 1.0469682948e+49               0
                0        0      3.5566e+11          0    29.781724161  0.0014323300391 8.4854713917e+11 4.2032160841e+36 1.4552712397e+39    41039.292094 2.0618703875e+49               0 9.5353856864e+48               0 1.053111784e+49               0
                0        0     3.58293e+11          0    29.948638849  0.0019014135084 8.3634604783e+11 5.6928849709e+36 1.4895660443e+39    41578.976768 2.1478853866e+49               0 9.642643249e+48               0 1.0720488937e+49               0
                0        0     3.62244e+11          0       30.233984  0.0021670116978 8.1848983948e+11 6.6928038333e+36 1.5479316267e+39    42435.874672 2.2915688363e+49               0 9.8273514835e+48               0 1.1034066752e+49               0
                0        0     3.72778e+11          0    31.055211768  0.0023387599748 7.7357122809e+11 7.8502699888e+36 1.7234912242e+39    44838.799444 2.7212989886e+49               0 1.0368429884e+49               0 1.1896437384e+49               0
                0        0     3.85945e+11          0    32.037967106  0.0022390171797 7.2110174844e+11 8.3174573458e+36 1.9516549478e+39    47907.592402 3.2898545316e+49               0 1.103440314e+49               0 1.2813267226e+49               0
                0        0      3.9648e+11          0    32.750732963  0.0020298732264 6.8157682481e+11 8.1552988109e+36 2.1302879152e+39    50367.921491  3.74263497e+49               0 1.1529977737e+49               0 1.336252687e+49               0
                0        0     4.07014e+11          0    33.382990863  0.0018005960429 6.4448019981e+11 7.7982420239e+36 2.2986099749e+39     52791.42598 4.1734186809e+49               0 1.197839817e+49               0 1.373642042e+49               0
                0        0     4.12281e+11          0    33.713202592  0.0018808082377 6.2693447222e+11 8.4564314405e+36 2.3912612295e+39     54056.45251 4.4051315804e+49               0 1.2215888542e+49               0 1.3917947648e+49               0
                0        0     4.22815e+11          0    34.441671469  0.0020745935762 5.9383509389e+11 1.0060420719e+37 2.6055859422e+39    56747.310312 4.9248556914e+49               0 1.2747785045e+49               0 1.4309751403e+49               0
                0        0     4.30716e+11          0    34.942415534  0.0019014135084 5.7025695671e+11 9.7414512369e+36 2.7595352016e+39    58745.627828  5.29518565e+49               0 1.3119764922e+49               0 1.4496128564e+49               0
                0        0     4.39933e+11          0    35.477849783  0.0017426899281 5.4419616844e+11 9.4991924406e+36 2.931750668e+39    61052.841191 5.7040476611e+49               0 1.3523237038e+49               0 1.4615033756e+49               0
                0        0     4.50467e+11          0    36.131116353  0.0018604262625 5.1641233384e+11 1.0883334802e+37 3.1543868158e+39    63831.095059 6.2131760185e+49               0 1.4023498978e+49               0 1.4748801909e+49               0
                0        0     4.61001e+11          0    36.723362063  0.0016866460401 4.9035438387e+11 1.0561389927e+37 3.3652959469e+39    66573.692458 6.6831715879e+49               0 1.4484618536e+49               0 1.4760371408e+49               0
                0        0     4.67585e+11          0    37.044628387  0.0014638858523 4.7495902302e+11 9.5464316495e+36 3.4832231231e+39    68229.016856 6.9403843708e+49               0 1.4737769374e+49               0 1.4696680514e+49               0
                0        0     4.78119e+11          0    37.526124567  0.0013712444198 4.5164897858e+11 9.5260380224e+36 3.6673541044e+39    70874.426254 7.330078878e+49               0 1.5121143535e+49               0 1.4542693029e+49               0
                0        0      4.8997e+11          0    38.067807769  0.0013712444198 4.2738798119e+11 1.0212103078e+37 3.8838577945e+39    73910.567776 7.7683632232e+49               0 1.5558119692e+49               0 1.4343972999e+49               0
                0        0     4.99187e+11          0    38.471149049  0.0013127639631 4.0986683067e+11 1.0302527552e+37 4.0507461954e+39    76271.841556 8.0921222719e+49               0 1.5887397339e+49               0 1.4158453069e+49               0
                0        0     5.07088e+11          0    38.784576746  0.0011901402301 3.9569321397e+11 9.7535641299e+36 4.1834864376e+39    78254.109043 8.3398644707e+49               0 1.6145569292e+49               0 1.396467216e+49               0
                0        0     5.11038e+11          0    38.925112494  0.0010672780276 3.8892079156e+11 8.9312251518e+36 4.2434877062e+39    79214.013412 8.4483201164e+49               0 1.6261981289e+49               0 1.3853963989e+49               0
                0        0     5.13672e+11          0    39.008220512  0.00094672739565 3.8451534483e+11 8.0303072387e+36 4.2788671492e+39    79832.039357 8.5106749247e+49               0 1.6331013219e+49               0 1.3771677908e+49               0
                0        0     5.18939e+11          0    39.158910505  0.00085829470651 3.7589783253e+11 7.4758738889e+36 4.3446896167e+39     81050.67559 8.623575693e+49               0 1.6456540491e+49               0 1.3596912642e+49               0
                0        0     5.20256e+11          0    39.191607488  0.00074493725899 3.7381075198e+11 6.5301888126e+36 4.3582480656e+39    81339.959728 8.6458527571e+49               0 1.6483838846e+49               0 1.3549089607e+49               0
                0        0     5.22889e+11          0    39.250893081  0.00067535354846 3.6968243153e+11 5.9953793915e+36 4.3841046381e+39    81913.914929 8.6875222295e+49               0 1.6533391408e+49               0 1.3451374792e+49               0
                0        0     5.29473e+11          0    39.380941326  0.00059257933924 3.5959540136e+11 5.4260428991e+36 4.4418474893e+39    83326.992483 8.7758889171e+49               0 1.6642340694e+49               0 1.3195766066e+49               0
                0        0     5.36057e+11          0    39.500133582  0.0005431128166 3.4998388867e+11 5.1251350947e+36 4.4955008641e+39    84717.348797 8.8532753535e+49               0 1.6742498401e+49               0 1.293990118e+49               0
                0        0     5.43958e+11          0    39.634112649  0.00050874213852 3.3900106205e+11 4.9731384019e+36 4.5565825009e+39    86369.646298 8.9359367331e+49               0 1.6855427537e+49               0 1.2635321445e+49               0
                0        0     5.51858e+11          0    39.781895982  0.00056115937359 3.2863416902e+11 5.6796782894e+36 4.6255558429e+39    88051.444482 9.0291098406e+49               0 1.6980416739e+49               0 1.2351749225e+49               0
                0        0     5.55808e+11          0     39.86340093  0.00061897731429 3.2370936574e+11 6.3732149904e+36 4.6642266077e+39    88903.557369 9.0819622804e+49               0 1.7049540872e+49               0 1.2220485202e+49               0
                0        0     5.63709e+11          0    40.047167535  0.00069779420153 3.1416109381e+11 7.437235172e+36 4.7517754663e+39    90664.994291 9.2025579619e+49               0 1.7205889677e+49               0 1.1972834422e+49               0
                0        0     5.68976e+11          0    40.183781753  0.00077812241053 3.0809448409e+11 8.4855414801e+36 4.8178938586e+39    91870.103667 9.2944236535e+49               0 1.7322567124e+49               0 1.1821353751e+49               0
                0        0     5.72926e+11          0    40.295574497  0.0008489935236 3.0368224953e+11 9.4190494156e+36 4.8725709185e+39    92796.522012 9.3709701817e+49               0 1.7418328257e+49               0 1.1715135819e+49               0
                0        0     5.76877e+11          0    40.417549285  0.00092631955251 2.9937296419e+11 1.0456419159e+37 4.9327592704e+39    93749.304092  9.45592024e+49               0 1.7523101613e+49               0 1.1615748778e+49               0
                0        0     5.84777e+11          0    40.651094966  0.00088681412983 2.9099094218e+11 1.0358339367e+37 5.0474217361e+39    95637.788274 9.611358917e+49               0 1.7724556765e+49               0 1.1408964141e+49               0
                0        0     5.91361e+11          0    40.831424225  0.00082169038884 2.842977014e+11 9.8672047775e+36 5.136905237e+39    97183.061294 9.7264669245e+49               0 1.7880867091e+49               0 1.1231817374e+49               0
                0        0     5.97945e+11          0     40.99490914  0.00074493725899 2.7784732044e+11 9.189844566e+36 5.2188349284e+39    98694.316716 9.8253691002e+49               0 1.8023148288e+49               0 1.1048870463e+49               0
                0        0     6.03212e+11          0    41.112195392  0.00066803486545 2.7286844104e+11 8.4155255397e+36 5.2779360377e+39    99871.422759 9.8915560728e+49               0 1.8125557492e+49               0 1.0898681837e+49               0
                0        0     6.07162e+11          0    41.193700339  0.00061897731429 2.6924052396e+11 7.9182619446e+36 5.3193505115e+39    100738.69013 9.9352978466e+49               0 1.8196888706e+49               0 1.0785170908e+49               0
                0        0     6.13746e+11          0    41.329541919  0.00061897731429 2.633464545e+11 8.122179857e+36 5.3899622945e+39    102196.15466 1.0008812726e+50               0 1.8316074062e+49               0 1.0599545462e+49               0
                0        0     6.22964e+11          0    41.517659203  0.00061226957023 2.5541961681e+11 8.321201528e+36 5.4888171774e+39    104242.40627 1.0107648504e+50               0 1.8481744371e+49               0 1.0344770241e+49               0
                0        0     6.28231e+11          0    41.652792958  0.00076969004015 2.5110853796e+11 1.0674886568e+37 5.562872753e+39    105486.26193 1.0191203533e+50               0 1.8601196936e+49               0 1.0219169331e+49               0
                0        0     6.28231e+11          0    41.652792958  0.00068275241159 2.5110853796e+11 9.4691423397e+36 5.5616670088e+39    105480.54547 1.0189238226e+50               0 1.8601196936e+49               0 1.0218153406e+49               0
                0        0     6.33498e+11          0    41.805133841  0.0008676977889 2.4691717122e+11 1.2283201322e+37 5.6461541828e+39    106773.72592 1.0287873977e+50               0 1.8736304416e+49               0 1.0102510903e+49               0
                0        0     6.34815e+11          0     41.84853898  0.00098890180929 2.458907593e+11 1.4072006201e+37 5.6713774365e+39    107115.64191 1.0318858812e+50               0 1.8774885617e+49               0 1.0077201812e+49               0
                0        0     6.34815e+11          0     41.84853898  0.0010442715712 2.458907593e+11 1.4859914186e+37 5.6721653445e+39    107119.36203  1.03201293e+50               0 1.8774885617e+49               0 1.0077838682e+49               0
                0        0     6.38765e+11          0    41.993744451  0.0011027415504 2.428441812e+11 1.5943930475e+37 5.7521775254e+39    108167.32268 1.0419010142e+50               0 1.890423117e+49               0 1.0004897314e+49               0
                0        0     6.42715e+11          0    42.122548749  0.00097818526107 2.3984911364e+11 1.4363569905e+37 5.8212989176e+39    109166.09545 1.0498990161e+50               0 1.9019324936e+49               0 9.9229996506e+48               0
                0        0     6.47982e+11          0    42.316156044  0.0011027415504 2.3594276795e+11 1.6536288196e+37 5.9309713024e+39     110580.8647 1.0631274768e+50               0 1.9192956682e+49               0 9.8270428131e+48               0
                0        0     6.50616e+11          0    42.396591357  0.00091628119678 2.3402438969e+11 1.3879165298e+37 5.9734116183e+39    111231.27385 1.0676933168e+50               0 1.9265316468e+49               0 9.7697553981e+48               0
                0        0     6.54566e+11          0    42.507172623  0.00083979313592 2.3118798322e+11 1.2910231706e+37 6.0348623676e+39    112198.24797 1.074101042e+50               0 1.9365009669e+49               0 9.6824576346e+48               0
                0        0       6.572e+11          0    42.566458216  0.00067535354846 2.2932881017e+11 1.0481051091e+37 6.0660992795e+39    112797.61852 1.0768058788e+50               0 1.9418559909e+49               0 9.6178461695e+48               0
                0        0       6.572e+11          0    42.566458216  0.00060563451677 2.2932881017e+11 9.3990567268e+36 6.0650172851e+39    112792.58832 1.0766377761e+50               0 1.9418559909e+49               0 9.6170861862e+48               0
                0        0       6.572e+11          0    42.566458216  0.00073686451003 2.2932881017e+11 1.1435661505e+37 6.0670538899e+39    112802.05594 1.0769541861e+50               0 1.9418559909e+49               0 9.6185166026e+48               0
                0        0     6.62467e+11          0    42.653852208  0.00049777559227 2.2566556888e+11 7.8666768465e+36 6.1133698845e+39    113930.33612 1.0797541311e+50               0 1.9497629161e+49               0 9.4789672986e+48               0
                0        0     6.62467e+11          0    42.653852208  0.00053722720225 2.2566556888e+11 8.4901567269e+36 6.1139933644e+39    113933.24084 1.0798502849e+50               0 1.9497629161e+49               0 9.4793933753e+48               0
                0        0     6.63783e+11          0    42.673445211  0.00044638853379 2.2477274228e+11 7.0858482467e+36 6.1238150146e+39    114205.11481 1.0802755347e+50               0 1.9515377059e+49               0 9.444110058e+48               0
                0        0     6.69051e+11          0    42.741466408  0.00038743271779 2.2123523394e+11 6.2582970244e+36 6.1620809191e+39     115293.9619 1.0817469342e+50               0 1.957705294e+49               0 9.3029755544e+48               0
                0        0     6.71684e+11          0    42.769117049  0.00031498307272 2.1951323699e+11 5.1312306856e+36 6.1768988071e+39    115814.81709 1.0818164182e+50               0 1.9602150995e+49               0 9.2312750383e+48               0
                0        0     6.71684e+11          0    42.769117049  0.00035124308469 2.1951323699e+11 5.7219242885e+36 6.1774895007e+39    115817.58582 1.0819064121e+50               0 1.9602150995e+49               0 9.2316609505e+48               0
                0        0     6.75634e+11          0    42.807130737  0.00028868934922 2.1696846177e+11 4.7622810763e+36 6.1985012831e+39    116593.73902 1.0818006076e+50               0 1.9636680701e+49               0 9.124637786e+48               0
                0        0     6.75634e+11          0    42.807130737   0.000258886971 2.1696846177e+11 4.2706546889e+36 6.1980096567e+39    116591.42708 1.0817260806e+50               0 1.9636680701e+49               0 9.1243224402e+48               0
                0        0     6.76951e+11          0    42.817432455  0.00023470464445 2.1613740404e+11 3.8875602061e+36 6.2035909135e+39    116841.65053 1.0814788558e+50               0 1.9646043298e+49               0 9.0884364302e+48               0
                0        0     6.79585e+11          0    42.835708703  0.00020819440769 2.1448792022e+11 3.4764575613e+36 6.2137717474e+39    117338.15791 1.0808267521e+50               0 1.9662658743e+49               0 9.0164998144e+48               0
                0        0     6.79585e+11          0    42.835708703  0.00016561355074 2.1448792022e+11  2.76543682e+36 6.2130607267e+39    117334.80112 1.0807194807e+50               0 1.9662658743e+49               0 9.0160516532e+48               0
                0        0     6.79585e+11          0    42.835708703  0.00018874721368 2.1448792022e+11 3.1517257618e+36 6.2134470156e+39    117336.62486 1.0807777603e+50               0 1.9662658743e+49               0 9.0162951382e+48               0
                0        0     6.82218e+11          0    42.849033401  0.00015178869065 2.1286194778e+11 2.5547426965e+36 6.220580866e+39    117817.71079 1.079665216e+50               0 1.9674776859e+49               0 8.9434042478e+48               0
                0        0     6.82218e+11          0    42.849033401  0.00013174152223 2.1286194778e+11 2.2173304896e+36 6.2202434538e+39    117816.11312 1.0796144674e+50               0 1.9674776859e+49               0 8.9431939544e+48               0
                0        0     6.87485e+11          0    42.869550599  0.00011686112243 2.0965868519e+11 1.997886812e+36 6.2319419571e+39    118768.50285 1.0769802788e+50               0 1.9693443206e+49               0 8.7977876855e+48               0
                0        0     6.87485e+11          0    42.869550599  0.00010142693828 2.0965868519e+11 1.7340201614e+36 6.2316780905e+39    118767.24564 1.0769408327e+50               0 1.9693443206e+49               0 8.7976268343e+48               0
                0        0     6.88802e+11          0    42.873542876  9.095629229e-05 2.0888050719e+11 1.5609498931e+36 6.233826028e+39    118998.52377 1.0761796335e+50               0 1.9697076332e+49               0 8.7618186551e+48               0
                0        0     6.91436e+11          0    42.880781604  8.2460172331e-05 2.0733567226e+11 1.4259281922e+36 6.2374064737e+39    119458.17017 1.0745468603e+50               0 1.9703664675e+49               0 8.6902627202e+48               0
                0        0     6.91436e+11          0    42.880781604  7.3947529759e-05 2.0733567226e+11 1.2787248007e+36 6.2372592703e+39    119457.46536 1.0745249512e+50               0 1.9703664675e+49               0 8.6901744094e+48               0
                0        0     6.91436e+11          0    42.880781604  6.9267789818e-05 2.0733567226e+11 1.1978012115e+36 6.2371783467e+39    119457.07789 1.0745129069e+50               0 1.9703664675e+49               0 8.6901258607e+48               0
                0        0     6.91436e+11          0    42.880781604  4.1962052338e-05 2.0733567226e+11 7.2562149388e+35 6.236706167e+39    119454.81698 1.074442629e+50               0 1.9703664675e+49               0 8.6898425765e+48               0
                0        0     6.92752e+11          0      42.8830225  5.105446648e-05 2.0657436577e+11 8.8615043692e+35 6.2371925805e+39    119677.06651 1.0734385996e+50               0 1.9705704446e+49               0 8.6537930892e+48               0
                0        0     6.92752e+11          0      42.8830225  6.011939383e-05 2.0657436577e+11 1.0434900369e+36 6.2373499201e+39    119677.82125 1.0734619846e+50               0 1.9705704446e+49               0 8.6538870034e+48               0
                0        0     6.94069e+11          0    42.884213639  2.7137788416e-05 2.0581860381e+11 4.7277230661e+35 6.2369524249e+39    119895.43698 1.072328805e+50               0 1.9706788719e+49               0 8.6175681509e+48               0
                0        0     6.94069e+11          0    42.884213639  2.1587445834e-05 2.0581860381e+11 3.7607878742e+35 6.2368557314e+39    119894.97229 1.0723144537e+50               0 1.9706788719e+49               0 8.6175107248e+48               0
                0        0     6.94069e+11          0    42.884213639  3.6420003541e-05 2.0581860381e+11 6.3447945046e+35 6.2371141321e+39    119896.21412 1.0723528057e+50               0 1.9706788719e+49               0 8.6176641871e+48               0
                0        0     6.99336e+11          0    42.887195888  1.6986191381e-05 2.0281816619e+11 3.0031814081e+35 6.2372136674e+39    120780.29628 1.0680477627e+50               0 1.9709503536e+49               0 8.4744204878e+48               0
                0        0     7.00653e+11          0    42.887782538  1.3365670948e-05 2.0208977597e+11 2.3716181676e+35 9.8882060376e+38     76350.00442 1.9752252653e+49               0 1.9710037599e+49               0 3.4499141039e+48               0
                0        0      7.0197e+11          0     42.88826471  1.0985346093e-05 2.0197513068e+11 1.9503792809e+35 9.8880070856e+38    76371.286117 1.9751500044e+49               0 1.9710476555e+49               0 3.4481366824e+48               0
                0        0     7.04603e+11          0    42.888967785  8.0091070565e-06 2.017461123e+11 1.4236042387e+35 9.8878044414e+38    76414.229931 1.9750372042e+49               0 1.9711116623e+49               0 3.4446223661e+48               0
                0        0     7.04603e+11          0    42.888967785  5.0680129552e-06 2.017461123e+11 9.0083010175e+34 9.8872816672e+38    76413.219894 1.9749344937e+49               0 1.9711116623e+49               0 3.4445211936e+48               0
                0        0     7.11187e+11          0    42.888990778  1.0476724463e-07 2.0117490655e+11 1.8675072426e+33 9.8864101122e+38    76519.938511 1.974577006e+49               0 1.9711137555e+49               0 3.4356771754e+48               0
                0        0     7.20404e+11          0    42.889021932  1.0139799137e-07 2.0037981166e+11 1.8146224697e+33 9.8864239461e+38    76671.628262 1.9743099385e+49               0 1.9711165918e+49               0 3.4235827438e+48               0
                0        0     7.32255e+11          0    42.894720236  1.4424978085e-05 1.9936587937e+11 2.5949734747e+35 9.8916279955e+38     76876.46206 1.9749677389e+49               0 1.9716353939e+49               0 3.4091125916e+48               0
                0        0     7.32255e+11          0    42.894720236  9.4311564601e-06 1.9936587937e+11 1.6966126885e+35 9.8907296347e+38    76874.716514 1.9747917033e+49               0 1.9716353939e+49               0 3.4089412699e+48               0
                0        0     7.32255e+11          0    42.894720236  2.1122102578e-05 1.9936587937e+11 3.7997489909e+35 9.892832771e+38    76878.802793 1.9752038142e+49               0 1.9716353939e+49               0 3.4093423331e+48               0
                0        0     7.38839e+11          0    42.900941243  2.8346711194e-05 1.9880807018e+11 5.1144653886e+35 9.8970161016e+38    76994.716702 1.9758144433e+49               0 1.9722018604e+49               0 3.4016090486e+48               0
                0        0      7.4279e+11          0    42.905103534  3.1609909049e-05 1.9847517876e+11 5.7133489863e+35 9.8995345223e+38    77064.160844 1.9761796875e+49               0 1.9725809101e+49               0 3.3969895695e+48               0
                0        0     7.52007e+11          0    42.914300594  2.9933876506e-05 1.9770116602e+11 5.4327600604e+35 9.9034960307e+38    77222.592677 1.9766484651e+49               0 1.9734185883e+49               0 3.3858667741e+48               0
                0        0     7.63858e+11          0    42.971704531  0.00014531524813 1.9671599573e+11 2.6541095651e+36 9.9511021917e+38    77508.587019 1.9855375899e+49               0 1.978650871e+49               0 3.3796311599e+48               0
                0        0     7.74392e+11          0    43.035849464  0.00018267721377 1.9584742192e+11 3.3563068067e+36 9.9877755568e+38    77751.741475 1.9923036541e+49               0 1.984505476e+49               0 3.3730069482e+48               0
                0        0     8.20479e+11          0    43.433559201   0.000258886971 1.9432499784e+11 4.8380649692e+36 1.0187424159e+39    78442.896639 2.0303873541e+49               0 2.0209908752e+49               0 3.3857782237e+48               0
                0        0     8.48131e+11          0    43.654661408  0.00023987544707 1.9492782922e+11 4.4916646985e+36 1.0287450217e+39    78513.054644 2.0501327572e+49               0 2.0414128671e+49               0 3.4134746438e+48               0
                0        0     8.67882e+11          0    43.834651966  0.00027338235345 1.9541769166e+11 5.1273022043e+36 1.0378441764e+39    78587.407049 2.0680603983e+49               0 2.0581105592e+49               0 3.4377468722e+48               0
                0        0        8.85e+11          0    43.990643783  0.00027338235345 1.958416049e+11 5.1344105254e+36 1.0452145014e+39    78641.309738 2.0825952723e+49               0 2.0726348356e+49               0 3.4578454788e+48               0
                0        0     9.28454e+11          0    44.212909969  0.0001534516178 1.9644460971e+11 2.887654359e+36 1.0535044698e+39     78675.75121 2.0990147764e+49               0 2.0934147608e+49               0 3.4824952335e+48               0
                0        0     9.48205e+11          0    44.381509896  0.0002560814602 1.9690123056e+11 4.8261024203e+36 1.0634709648e+39    78769.675274 2.1185988895e+49               0 2.109243881e+49               0 3.5078125243e+48               0
                0        0     9.58739e+11          0    44.479619735  0.00027940526873 1.9716663103e+11 5.2701987689e+36 1.0686007186e+39    78811.395686 2.1286949515e+49               0 2.118481393e+49               0 3.5213340331e+48               0
                0        0     9.73224e+11          0    44.679315707  0.0004136077173 1.9770613159e+11 7.8151939747e+36 1.0807150173e+39    78925.908245 2.1524811723e+49               0 2.1373437118e+49               0 3.5518385915e+48               0
                0        0     9.83758e+11          0    44.812425544  0.00037908114143 1.9806522017e+11 7.1711228731e+36 1.0864732939e+39    78959.159068 2.1638479729e+49               0 2.1499612944e+49               0 3.5680203125e+48               0
                0        0     9.91659e+11          0    44.950856468  0.00052564662633 1.9843822238e+11 9.9556880109e+36 1.0959363446e+39    79056.126128 2.1823917708e+49               0 2.1631211569e+49               0 3.5910414565e+48               0
                0        0     9.98243e+11          0    45.066215571  0.00052564662633 1.9874871546e+11 9.9656445908e+36 1.101527441e+39    79094.908125 2.1934026007e+49               0 2.1741172119e+49               0 3.6061290651e+48               0
                0        0     1.01273e+12          0    45.421984741  0.00073686451003 1.9970433442e+11 1.4012996383e+37 1.1228771952e+39    79285.027456 2.2352906107e+49               0 2.208198039e+49               0 3.6599164428e+48               0
                0        0     1.02458e+12          0    45.618621222  0.00049777559227 2.0023125998e+11 9.4821894152e+36 1.1279679457e+39    79270.228562 2.2454740808e+49               0 2.2271441469e+49               0 3.6777658179e+48               0
                0        0      1.0338e+12          0    45.791035111  0.00056115937359  2.00692548e+11 1.0705333216e+37 1.1376616173e+39    79348.644847 2.264506337e+49               0 2.2438204138e+49               0 3.7026624871e+48               0
                0        0     1.04696e+12          0    46.053981098  0.00059907136618 2.0139474972e+11 1.1454136384e+37 1.1513902292e+39    79448.083194 2.2914886804e+49               0 2.2693682952e+49               0 3.7387527018e+48               0
                0        0     1.05618e+12          0    46.252631288  0.00064655125521 2.0192421205e+11 1.2382711678e+37 1.1621740613e+39    79528.988176 2.3126644635e+49               0 2.288761373e+49               0 3.7667306566e+48               0
                0        0     1.07198e+12          0    46.571623332  0.00060563451677 2.0277256982e+11 1.1630209658e+37 1.1773358566e+39    79620.032612 2.342505847e+49               0 2.3200686533e+49               0 3.8078652418e+48               0
                0        0     1.08252e+12          0    46.731820604  0.00045622296636 2.0319775864e+11 8.7727486316e+36 1.1825117872e+39    79623.960204 2.3527898484e+49               0 2.3358682145e+49               0 3.8242593091e+48               0
                0        0     1.09437e+12          0    46.898807827  0.00042271995227 2.0364036441e+11 8.1398319412e+36 1.1902821214e+39    79667.723205 2.3680884226e+49               0 2.3523922863e+49               0 3.8455050954e+48               0
                0        0     1.10885e+12          0    47.102903321  0.00042271995227 2.0418049323e+11 8.1536286717e+36 1.2006072633e+39    79734.261892 2.388380784e+49               0 2.3726643755e+49               0 3.8729156897e+48               0
                0        0     1.12465e+12          0    47.359433649  0.00048704544307 2.0485809545e+11 9.4142907669e+36 1.2148919002e+39    79838.010241 2.4163992602e+49               0 2.398263159e+49               0 3.9096323121e+48               0
                0        0     1.12992e+12          0    47.439532285  0.00045622296636 2.0506937548e+11 8.8243248554e+36 1.2183830121e+39    79854.136042 2.4232805144e+49               0 2.4062831197e+49               0 3.919409865e+48               0
                0        0      1.1444e+12          0    47.672136778  0.0004817674206 2.0568214033e+11 9.3362015149e+36 1.2307853321e+39    79937.239674 2.4476205329e+49               0 2.4296457933e+49               0 3.9517307963e+48               0
                0        0     1.14967e+12          0    47.749659489  0.00044155110282 2.0588610414e+11 8.5622710291e+36 1.2339871848e+39    79949.546651 2.4539390675e+49               0 2.4374562242e+49               0 3.9608876462e+48               0
                0        0     1.15362e+12          0    47.800122536  0.00038323418022 2.0601880405e+11 7.4344892616e+36 1.2354508917e+39    79947.484212 2.4568580394e+49               0 2.4425468577e+49               0 3.9657743665e+48               0
                0        0     1.15625e+12          0    47.826883949  0.00030485340148 2.0608915489e+11 5.9152451354e+36 1.2353070689e+39    79931.511121 2.4566355078e+49               0 2.4452485773e+49               0 3.966772538e+48               0
                0        0     1.15889e+12          0    47.849363939  0.0002560814602 2.061482388e+11 4.9698059504e+36 1.2355175993e+39    79923.460689 2.4570861397e+49               0 2.4475191713e+49               0 3.968184701e+48               0
                0        0     1.17732e+12          0    47.856415057  1.1474716668e-05 2.0616676894e+11 2.2270410505e+35 1.231133193e+39    79848.872629 2.4486603819e+49               0 2.4482315788e+49               0 3.9609063768e+48               0
                0        0     1.18654e+12          0     47.97807467  0.0003959682886 2.0648631957e+11 7.6926627477e+36 1.2448694983e+39    80008.692965 2.4753419366e+49               0 2.4605391016e+49               0 3.9903762077e+48               0
                0        0     1.19181e+12          0     48.06837259  0.0005143156836 2.0672329143e+11 9.9991832962e+36 1.2518372989e+39    80074.480034 2.4889288215e+49               0 2.4696931272e+49               0 4.0066344691e+48               0
                0        0     1.20102e+12          0     48.22639395  0.0005143156836 2.0713757485e+11 1.0011990391e+37 1.2600284359e+39     80124.90063 2.5050063695e+49               0 2.4857519523e+49               0 4.0281703673e+48               0
                0        0     1.20629e+12          0    48.483407009  0.0014638858523 2.0781025509e+11 2.8556049287e+37 1.2919314296e+39    80496.730127 2.566818865e+49               0 2.5119774921e+49               0 4.094963833e+48               0
                0        0     1.21551e+12          0    49.100318535  0.0020078758611 2.094192474e+11 3.9361290395e+37 1.3350920449e+39    80848.388119 2.6509324392e+49               0 2.5754660954e+49               0 4.1976929881e+48               0
                0        0     1.22736e+12          0    49.684933281   0.001479923513 2.1093674466e+11 2.914583459e+37 1.3559156107e+39    80869.341451 2.6921782519e+49               0 2.6363326415e+49               0 4.2611129138e+48               0
                0        0     1.22999e+12          0    49.795258907   0.001256777565 2.1122233655e+11 2.477258491e+37 1.3574410998e+39    80837.372381 2.6953613805e+49               0 2.6478956018e+49               0 4.2690415716e+48               0
                0        0      1.2537e+12          0    49.812129474  2.1353506628e-05 2.1126598639e+11 4.2095869521e+35 1.3339926393e+39    80477.676353 2.650473361e+49               0 2.6496659057e+49               0 4.2301366551e+48               0
                0        0      1.2616e+12          0    50.806928577  0.0037774275957 3.2568471637e+11 4.9270442804e+37 7.437918838e+39    99601.534742 1.3954298126e+50               0 2.7550578752e+49               0 1.5446843337e+49               0
                0        0     1.26555e+12          0    51.257866623  0.0034245825403 3.2098065087e+11 4.5725036983e+37 7.4999515485e+39    100537.26087 1.4019281494e+50               0 2.8034808571e+49               0 1.5271026017e+49               0
                0        0     1.26686e+12          0    51.358307275  0.0022883452018 3.1945089641e+11 3.0760464088e+37 7.4995936579e+39    100776.49248 1.4005388317e+50               0 2.8143215512e+49               0 1.5193603966e+49               0
                0        0     1.27213e+12          0    51.751409411  0.0022390171797 3.1348207549e+11 3.0905206396e+37 7.5569056714e+39     101925.1841 1.4047987723e+50               0 2.8569424904e+49               0 1.4945298704e+49               0
                0        0     1.27476e+12          0    51.906066617  0.0017617820381 3.1060341697e+11 2.4616642723e+37 7.5731082865e+39    102451.25626 1.4048304982e+50               0 2.8737949347e+49               0 1.4813706562e+49               0
                0        0     1.28003e+12          0    52.183449455  0.0015799073178 3.0499928936e+11 2.2601138715e+37 7.6114314591e+39    103518.75316 1.4058205551e+50               0 2.9041393913e+49               0 1.4561773302e+49               0
                0        0     1.29715e+12          0     52.22518662  7.3146173891e-05 2.8737651367e+11 1.1114376304e+36 7.5960114271e+39    106591.51316 1.3851389303e+50               0 2.9087184787e+49               0 1.3641954407e+49               0
                0        0     1.30373e+12          0    54.041798806  0.0082775961279 6.3080009929e+11 5.9293492261e+37 7.9183761254e+39    72696.753452 1.5838845604e+50               0 3.1113710946e+49               0 3.0086945708e+49               0
                0        0      1.3248e+12          0    55.200757095  0.0016502883642 5.4440750541e+11 1.3990895791e+37 8.0416161971e+39    78555.327659 1.6024817643e+50               0 3.2440720271e+49               0 2.6656764892e+49               0
                0        0     1.33138e+12          0    55.401845377  0.00091628119678 5.2413347664e+11 8.0979643405e+36 8.0649667302e+39    80118.268795 1.6033776625e+50               0 3.2673667999e+49               0 2.5786737371e+49               0
                0        0      1.3406e+12          0    55.528924632  0.0004136077173 4.9786875159e+11 3.857072316e+36 8.0792064659e+39    82240.663074 1.5999222406e+50               0 3.2821292593e+49               0 2.4604101595e+49               0
                0        0     1.34719e+12          0    55.554018287  0.00011434204094 4.8092676005e+11 1.1043512527e+36 8.0801030147e+39    83679.025497 1.5951506312e+50               0 3.2850480898e+49               0 2.3812646044e+49               0
                0        0     1.35904e+12          0    55.554061991  1.1063328444e-07 4.5246821969e+11 1.1357383692e+33 8.0790061548e+39    86267.518435 1.584806815e+50               0 3.2850531744e+49               0 2.2454507681e+49               0
                0        0     1.36035e+12          0    55.577900442  0.0005431128166 4.4967209333e+11 5.6125601181e+36 8.0880843098e+39    86559.613855 1.585354071e+50               0 3.2878271555e+49               0 2.2332454619e+49               0
                0        0     1.36035e+12          0    55.577900442  0.0004136077173 4.4967209333e+11 4.2742467268e+36 8.0867459964e+39    86556.032936 1.5851069695e+50               0 3.2878271555e+49               0 2.2330557727e+49               0
                0        0     1.36299e+12          0    55.985771799  0.0046462783762 4.4422371449e+11 4.8960507491e+37 8.1907473572e+39    87363.872012 1.6019504819e+50               0 3.3354630925e+49               0 2.2211185496e+49               0
                0        0      1.3722e+12          0    57.612728268  0.0052952919224 4.2642391412e+11 5.9817953493e+37 8.4382065746e+39    89834.596846 1.638429482e+50               0 3.5287385618e+49               0 2.1655775024e+49               0
                0        0     1.39459e+12          0    57.968312323  0.00047654659509 3.8588913302e+11 5.9854696467e+36 8.4360852575e+39    94429.094836 1.6133406807e+50               0 3.5716737387e+49               0 1.957398143e+49               0
                0        0     1.40249e+12          0    58.070344118  0.00038743271779 3.7421739651e+11 5.0267984634e+36 8.4499646622e+39    95929.812953 1.6073513531e+50               0 3.584039481e+49               0 1.8980012927e+49               0
                0        0     1.40907e+12          0    58.092123583  9.924055912e-05 3.6506224988e+11 1.320396252e+36 8.4494255604e+39     97123.69445 1.6002090088e+50               0 3.5866816908e+49               0 1.8498134905e+49               0
                0        0     1.41566e+12          0     58.11102657  8.6133573388e-05 3.5635580386e+11 1.1743888793e+36 8.4520285389e+39    98310.562608 1.5935725969e+50               0 3.5889756914e+49               0 1.8040615917e+49               0
                0        0     1.43014e+12          0     58.11322088  4.5448248316e-06 3.3810010824e+11 6.5314790744e+34 8.4512385744e+39    100927.44904 1.5773149622e+50               0 3.5892420306e+49               0 1.7067306459e+49               0
                0        0     1.43014e+12          0     58.11322088  5.1796668798e-06 3.3810010824e+11  7.44382613e+34 8.4512476979e+39    100927.47628 1.5773164949e+50               0 3.5892420306e+49               0 1.7067315112e+49               0
                0        0     1.43541e+12          0    58.113828544  3.4611126209e-06 3.3212508729e+11 5.0635871736e+34 8.4513122657e+39    101831.48037 1.5716561673e+50               0 3.5893157889e+49               0 1.674695731e+49               0
                0        0     1.43936e+12          0    58.113923453  7.2077474734e-07 3.2780079204e+11 1.0684015635e+34 8.4512861161e+39    102500.87267 1.5674202097e+50               0 3.589327309e+49               0 1.6514410007e+49               0
                0        0     1.44331e+12          0    58.114612967  5.2364129299e-06 3.2358848205e+11 7.8630481582e+34 8.4514543358e+39    103166.38096 1.5632207471e+50               0 3.5894110032e+49               0 1.6287563874e+49               0
                0        0     1.44331e+12          0    58.114612967  5.2364129299e-06 3.2358848205e+11 7.8630481582e+34 8.4514543358e+39    103166.38096 1.5632207471e+50               0 3.5894110032e+49               0 1.6287563874e+49               0
                0        0     1.45253e+12          0    58.116204398  5.1796668798e-06 3.1401107204e+11 8.0152830717e+34 8.4516872937e+39    104728.58487 1.5532479874e+50               0 3.589604177e+49               0 1.5769877699e+49               0
                0        0     1.45648e+12          0    58.427538684  0.0023643823544 3.1018682111e+11 3.7237173906e+37 8.5341204146e+39     105628.2006 1.5625254301e+50               0 3.627490711e+49               0 1.5631845308e+49               0
                0        0     1.46438e+12          0    59.168797469  0.0028146903043 3.0283832986e+11 4.5980879238e+37 8.6506624199e+39    107265.18372 1.5729554933e+50               0 3.7184605464e+49               0 1.5324254802e+49               0
                0        0      1.4736e+12          0    59.864262837   0.002263546823 2.9474623849e+11 3.8439134824e+37 8.7442594221e+39    109020.57887 1.578060026e+50               0 3.8047896422e+49               0 1.4949240815e+49               0
                0        0      1.4736e+12          0    59.864262837  0.0010907913417 2.9474623849e+11 1.8523617458e+37 8.7243439048e+39    108958.45074 1.574887968e+50               0 3.8047896422e+49               0 1.4933881354e+49               0
                0        0     1.48018e+12          0    59.916335733  0.00023727596068 2.8923390101e+11 4.1097418689e+36 8.7175027821e+39    109970.26892 1.5667743782e+50               0 3.8112916374e+49               0 1.4621690451e+49               0
                0        0     1.48808e+12          0    59.946448119  0.00011434204094 2.8287558966e+11 2.0259964375e+36 8.7197981606e+39    111206.64352 1.5587533347e+50               0 3.8150539922e+49               0  1.42685798e+49               0
                0        0      1.4973e+12          0    59.981198527  0.00011310293713 2.7578647331e+11 2.056746729e+36 8.7248825237e+39    112643.27726 1.5498296781e+50               0 3.8193980447e+49               0 1.3875622327e+49               0
                0        0      1.4973e+12          0    59.981198527  0.00010142693828 2.7578647331e+11 1.8444218057e+36 8.7246701988e+39    112642.59194 1.5497966578e+50               0 3.8193980447e+49               0 1.3875472641e+49               0
                0        0     1.51047e+12          0    60.023356626  9.6049040829e-05 2.6616854909e+11 1.8110119972e+36 8.7307676727e+39    114679.71377 1.5368970158e+50               0 3.8246712848e+49               0 1.333998713e+49               0
                0        0     1.54865e+12          0    60.024425273  8.3955346174e-07 2.4017085378e+11 1.7543684928e+34 1.9364491772e+39     82850.13794 3.8298703104e+49               0 3.824804999e+49               0 5.8156531037e+48               0
                0        0     1.55524e+12          0    60.024585188  7.2867122425e-07 2.3936141251e+11 1.5278172235e+34 1.9364572297e+39    82990.191891 3.8287342055e+49               0 3.8248250086e+49               0 5.7971260522e+48               0
                0        0     1.55787e+12          0    60.024640706  6.3243352241e-07 2.3903981401e+11 1.3278192566e+34 1.9364588118e+39    83046.016607 3.8282748363e+49               0 3.8248319553e+49               0 5.7897555042e+48               0
                0        0     1.56182e+12          0    60.024728646  6.6784421051e-07 2.3855871268e+11 1.4049952056e+34 1.9364652576e+39    83129.783054 3.8275900764e+49               0 3.8248429589e+49               0 5.7787283535e+48               0
                0        0     1.57235e+12          0    60.024941247  6.0546167069e-07 2.3728093958e+11 1.280620056e+34 1.9364777312e+39    83353.446368 3.8257318485e+49               0 3.8248695609e+49               0 5.7493902706e+48               0
                0        0      1.5763e+12          0      60.0250448  7.864226556e-07 2.3680689253e+11 1.6667057138e+34 1.9364882736e+39    83436.947914 3.825042151e+49               0 3.8248825182e+49               0 5.7384991811e+48               0
                0        0     1.57762e+12          0    60.025151996  2.4422488613e-06 2.3672191171e+11 5.1778501642e+34 1.9365303015e+39    83452.375878 3.8249934378e+49               0 3.8248959313e+49               0 5.7366082747e+48               0
                0        0     1.58025e+12          0    60.025380872  2.6072474786e-06 2.3672246231e+11 5.527674544e+34 1.9365485674e+39    83452.475611 3.8250286642e+49               0  3.82492457e+49               0 5.7366493577e+48               0
                0        0      1.5842e+12          0    60.025702459  2.4422488613e-06 2.3672323594e+11 5.1778686828e+34 1.936565819e+39    83452.525103 3.8250623164e+49               0 3.8249648096e+49               0 5.736693998e+48               0
                0        0     1.59737e+12          0    60.026910915  2.7532302958e-06 2.3672614305e+11 5.8372334948e+34 1.9366503864e+39    83452.923728 3.8252259463e+49               0 3.825116023e+49               0 5.7368924452e+48               0
                0        0     1.61054e+12          0    60.028106274  2.7233940421e-06 2.3672901864e+11 5.7740213044e+34 1.9367268845e+39    83453.240954 3.8253743333e+49               0 3.8252656006e+49               0 5.7370776178e+48               0
                0        0     1.61712e+12          0    60.028765534  3.0039935343e-06 2.3673060457e+11 6.3689633924e+34 1.9367753732e+39    83453.483751 3.8254680324e+49               0 3.8253480962e+49               0 5.7371895389e+48               0
                0        0     1.62371e+12          0    60.029865714  5.0130918248e-06 2.3673325116e+11 1.0628660203e+35 1.9368889612e+39     83454.24082 3.8256859189e+49               0 3.8254857677e+49               0 5.7374271186e+48               0
                0        0     1.63292e+12          0    60.031583275  5.5901855969e-06 2.3673738289e+11 1.1852335495e+35 1.9370120291e+39    83454.838169 3.825923894e+49               0 3.8257007001e+49               0 5.7377136345e+48               0
                0        0     1.63687e+12          0    60.031859365  2.0967233013e-06 2.3673804704e+11 4.4454897161e+34 1.9369557766e+39    83454.115199 3.8258189642e+49               0 3.8257352501e+49               0 5.7376414483e+48               0
                0        0     1.64478e+12          0    60.032780848  3.4990309802e-06 2.3674026371e+11 7.4187182198e+34 1.937044972e+39    83454.685224 3.8259902689e+49               0 3.8258505655e+49               0 5.7378311962e+48               0
                0        0     1.64741e+12          0     60.03312712  3.9445767601e-06 2.3674109669e+11 8.3633924577e+34 1.937076764e+39    83454.880831 3.8260513916e+49               0 3.825893899e+49               0 5.7378998153e+48               0
                0        0     1.65663e+12          0    60.037278657  1.3512099097e-05 2.3675108324e+11 2.8649470474e+35 1.937547536e+39    83458.190667 3.8269529471e+49               0 3.826413451e+49               0 5.7388618344e+48               0
                0        0     1.66189e+12          0    60.041840015  2.5980423445e-05 2.3676205531e+11 5.5087475543e+35 1.9381062958e+39    83462.273061 3.8280216608e+49               0 3.8269843299e+49               0 5.7399833141e+48               0
                0        0     1.67243e+12          0    60.060565796  5.3328819369e-05 2.3680709563e+11 1.1308927784e+36 1.9398950674e+39    83473.584835 3.8314578209e+49               0 3.8293283901e+49               0 5.7438016389e+48               0
                0        0      1.6856e+12          0    60.119664067  0.00013464393352 2.3694920627e+11 2.8563592697e+36 1.9454378134e+39     83508.09375 3.8421082774e+49               0 3.8367307072e+49               0 5.7556897473e+48               0
                0        0      1.7014e+12          0    60.257515563  0.00026172321769 2.3728047925e+11 5.5572024135e+36 1.9570573614e+39    83574.106907 3.8644827327e+49               0 3.8540237694e+49               0 5.7813739703e+48               0
                0        0     1.70798e+12          0    60.341620643  0.00038323418022 2.3748244824e+11 8.141687763e+36 1.9650933035e+39    83624.184614 3.8799123661e+49               0 3.8645927614e+49               0 5.7985017385e+48               0
                0        0     1.72773e+12          0    60.672938542  0.00050322899292 2.3827700554e+11 1.0713794309e+37 1.9892144869e+39    83739.660828 3.9265084952e+49               0 3.9063621148e+49               0 5.8542786891e+48               0
                0        0     1.75538e+12          0    60.916821576  0.00026459053699 2.3886079818e+11 5.6419783815e+36 2.0000803376e+39    83751.246878 3.9478523305e+49               0 3.9372456362e+49               0 5.8847061836e+48               0
                0        0     1.76723e+12          0    60.998173438  0.00020593824293 2.3905533057e+11 4.3935963539e+36 2.0041624903e+39    83759.847366 3.9558322741e+49               0 3.9475732771e+49               0 5.8955636021e+48               0
                0        0     1.78699e+12          0    61.102560551  0.00015855050937 2.3930479779e+11 3.3848575769e+36 2.0100040786e+39    83777.113473 3.9672060731e+49               0 3.9608441876e+49               0 5.9104264136e+48               0
                0        0     1.79884e+12          0    61.198356766  0.00024250341224 2.3953358803e+11 5.1803123786e+36 2.0180963959e+39    83821.248971 3.9827759822e+49               0 3.9730416508e+49               0 5.9282695569e+48               0
                0        0     1.80937e+12          0     61.29435173  0.00027338235345 2.3976271287e+11 5.8435133968e+36 2.0250794188e+39    83853.569402 3.9962609492e+49               0 3.9852823974e+49               0 5.9444130111e+48               0
                0        0     1.88838e+12          0    61.476770938  6.9267789818e-05 2.4019773347e+11 1.4823072321e+36 2.0327550652e+39    83856.874504 4.0113775089e+49               0 4.0085930657e+49               0 5.9664957691e+48               0
                0        0     1.90945e+12          0    61.492955523  2.3045896187e-05 2.4023630501e+11 4.9322500125e+35 2.0328356434e+39    83850.973284 4.0115908749e+49               0 4.0106643707e+49               0 5.9675328009e+48               0
                0        0      1.9213e+12          0    61.509531809  4.1962052338e-05 2.4027580596e+11 8.981602979e+35 2.0343364189e+39    83859.551068 4.0144734261e+49               0 4.0127863355e+49               0 5.9707740104e+48               0
                0        0     1.93446e+12          0    61.525003286  3.5248757545e-05 2.4031267042e+11 7.5454221658e+35  2.03521587e+39    83862.179739 4.016184646e+49               0 4.0147673554e+49               0 5.9729982578e+48               0
                0        0       1.945e+12          0    61.542544014  4.9953926294e-05 2.4035446099e+11 1.0694429959e+36 2.0366909826e+39    83870.079095 4.0190225975e+49               0 4.0170138941e+49               0 5.9762541929e+48               0
                0        0     1.95553e+12          0     61.55590216  3.8042426533e-05 2.403862835e+11 8.1450355111e+35 2.0373198246e+39    83871.000206 4.0202549857e+49               0 4.0187251491e+49               0 5.9779742293e+48               0
                0        0      1.9687e+12          0     61.56487498  2.0442828123e-05 2.4040765753e+11 4.3771399875e+35 2.037536789e+39    83869.504516 4.0206969457e+49               0 4.0198748142e+49               0 5.9788141301e+48               0
                0        0     1.97923e+12          0    61.572455155  2.1587445834e-05 2.4042571322e+11 4.6224430887e+35 2.0380629858e+39    83871.769335 4.0217143592e+49               0 4.0208461657e+49               0 5.9800502836e+48               0
                0        0     1.99372e+12          0    61.575432269  6.1661592588e-06 2.4043280435e+11 1.3203626746e+35 2.0379298242e+39    83869.162499 4.0214756883e+49               0 4.0212276946e+49               0 5.9800139197e+48               0
                0        0     2.00162e+12          0    61.577635457  8.3658933874e-06 2.4043805199e+11 1.7914178085e+35 2.0381227584e+39    83870.232173 4.0218465197e+49               0 4.021510053e+49               0 5.9804346361e+48               0
                0        0     2.01084e+12          0    61.578887682  4.075647188e-06 2.4044103457e+11 8.7273940995e+34 2.0381137775e+39    83869.619592 4.0218344606e+49               0 4.0216705413e+49               0 5.9804915628e+48               0
                0        0     2.02137e+12          0    61.580318797  4.075647188e-06 2.4044444319e+11 8.7274732018e+34 2.0382085083e+39    83869.999641 4.0220178806e+49               0 4.0218539601e+49               0 5.9807178645e+48               0
                0        0     2.02927e+12          0    61.581582709  4.7992948571e-06 2.4044745355e+11 1.0277153688e+35 2.0383076692e+39    83870.494686 4.0222089789e+49               0 4.0220159527e+49               0 5.9809415263e+48               0
                0        0     2.03586e+12          0    61.581973476  1.7805749973e-06 2.4044838426e+11 3.8129118403e+34 2.0382688938e+39    83869.933489 4.0221376515e+49               0 4.0220660371e+49               0 5.9809040477e+48               0
                0        0     2.04507e+12          0    61.582646384  2.1901272486e-06 2.4044998696e+11 4.689944382e+34 2.0383222079e+39    83870.202405 4.0222403707e+49               0 4.0221522838e+49               0 5.9810239255e+48               0
                0        0     2.05166e+12          0     61.58300065  1.6142535874e-06 2.4045083073e+11  3.45677473e+34 2.0383333275e+39    83870.169632 4.022262616e+49               0 4.0221976906e+49               0 5.9810610093e+48               0
                0        0     2.05824e+12          0     61.58350271  2.2876921157e-06 2.4045202651e+11 4.8988966176e+34 2.0383809836e+39    83870.451301 4.022354052e+49               0 4.0222620407e+49               0 5.9811625492e+48               0
                0        0     2.06351e+12          0     61.58386684  2.074001494e-06 2.4045289377e+11 4.4413067055e+34 2.0384005122e+39    83870.500928 4.0223921291e+49               0 4.0223087124e+49               0 5.981213104e+48               0
                0        0     2.07009e+12          0    61.584695603  3.7763495304e-06 2.4045486766e+11 8.0867899879e+34 2.0384918296e+39    83871.095982 4.0225668243e+49               0 4.0224149383e+49               0 5.9814001442e+48               0
                0        0     2.08721e+12          0    61.587046643  4.1202981057e-06 2.4046046713e+11 8.8234633157e+34 2.0386548349e+39    83871.796036 4.0228820096e+49               0 4.0227162881e+49               0 5.9817832467e+48               0
                0        0     2.09906e+12          0    61.588474795  3.6152968094e-06 2.4046386853e+11 7.7420920633e+34 2.0387385676e+39    83872.064033 4.0230447609e+49               0  4.02289935e+49               0 5.9819924908e+48               0
                0        0     2.10696e+12          0    61.589502356  3.9018301025e-06 2.4046631582e+11 8.3557522445e+34 2.0388127321e+39    83872.399989 4.0231880025e+49               0 4.0230310662e+49               0 5.9821644161e+48               0
                0        0     2.10959e+12          0    61.589733739  2.6358112839e-06 2.4046686689e+11 5.6445867047e+34 2.0388009389e+39    83872.182598 4.0231667417e+49               0 4.023060726e+49               0 5.9821593752e+48               0
                0        0     2.12013e+12          0    61.590777125  2.9714398052e-06 2.4046935186e+11 6.3633768229e+34 2.0388772038e+39    83872.533567 4.0233139889e+49               0 4.0231944732e+49               0 5.9823354197e+48               0
                0        0     2.13461e+12          0     61.59209202  2.7233940421e-06 2.4047248344e+11 5.8322321679e+34 2.0389589461e+39    83872.828079 4.0234725667e+49               0 4.0233630271e+49               0 5.9825352106e+48               0
                0        0     2.15832e+12          0    61.592464335  4.7124781575e-07 2.4047337014e+11 1.0091940817e+34 2.0389353654e+39    83872.430947 4.0234297085e+49               0 4.023410754e+49               0 5.9825200295e+48               0
                0        0      2.1649e+12          0    61.592577175  5.1416889961e-07 2.4047363888e+11 1.1011119073e+34 2.0389437554e+39    83872.470362 4.0234458999e+49               0 4.023425219e+49               0 5.9825392867e+48               0
                0        0     2.17017e+12          0    61.592634923  3.2892090636e-07 2.4047377642e+11 7.0439666668e+33 2.0389436116e+39    83872.444899 4.0234458516e+49               0 4.0234326218e+49               0 5.9825423276e+48               0
                0        0     2.18202e+12          0    61.593232247  1.5120961926e-06  2.40475199e+11 3.2382239185e+34 2.0390084972e+39    83872.864077 4.0235700129e+49               0 4.0235091934e+49               0 5.9826757036e+48               0
                0        0     2.19387e+12          0    61.593928006  1.7612792314e-06 2.4047685601e+11 3.7718775353e+34 2.0390598987e+39    83873.103694 4.0236692266e+49               0 4.0235983843e+49               0 5.9827939331e+48               0
                0        0     2.22284e+12          0     61.59516797  1.284099181e-06 2.4047980907e+11 2.7499914803e+34 2.0391317769e+39    83873.327848  4.02380899e+49               0 4.0237573405e+49               0 5.9829743447e+48               0
                0        0     2.23864e+12          0    61.595844315  1.284099181e-06 2.4048141983e+11 2.7500032568e+34 2.0391765579e+39    83873.507431 4.0238956948e+49               0 4.0238440452e+49               0 5.9830813114e+48               0
                0        0     2.25576e+12          0    61.596446531  1.0554108339e-06 2.4048285403e+11 2.2602571048e+34 2.0392115338e+39    83873.616971 4.0239636991e+49               0 4.0239212478e+49               0 5.9831690347e+48               0
                0        0     2.26497e+12          0    61.596788958  1.1145045133e-06 2.4048366954e+11 2.3868167024e+34 2.039235472e+39    83873.720905 4.0240099746e+49               0 4.0239651463e+49               0 5.9832251348e+48               0
                0        0     2.28604e+12          0    61.597404822  8.7695353606e-07 2.4048513624e+11 1.8780861664e+34 2.0392711622e+39    83873.832116 4.024079373e+49               0 4.0240440995e+49               0 5.9833147259e+48               0
                0        0     2.29789e+12          0    61.597770642  9.2605518398e-07 2.4048600744e+11 1.9832469876e+34 2.0392964356e+39    83873.940059 4.0241282462e+49               0 4.0240909976e+49               0 5.9833741977e+48               0
                0        0     2.31633e+12          0    61.598233283  7.5288351748e-07 2.4048710923e+11 1.6123859221e+34 2.0393233598e+39    83874.024764 4.0241805918e+49               0 4.0241503086e+49               0 5.9834416733e+48               0
                0        0     2.32949e+12          0    61.598574721  7.7790033697e-07 2.4048792237e+11 1.6659658957e+34 2.0393465034e+39    83874.120929 4.024225371e+49               0 4.0241940815e+49               0 5.9834964974e+48               0
                0        0     2.34925e+12          0    61.598986592  6.2557995589e-07 2.4048890325e+11 1.3397572153e+34 2.0393705129e+39    83874.196744 4.0242720473e+49               0 4.0242468845e+49               0 5.9835566297e+48               0
                0        0     2.37031e+12          0    61.599445494  6.5344802851e-07 2.4048999612e+11 1.3994442219e+34 2.0394014955e+39    83874.324724 4.0243320009e+49               0 4.0243057171e+49               0 5.9836301258e+48               0
                0        0     2.38612e+12          0    61.599719277  5.198018978e-07 2.4049064813e+11 1.1132255231e+34 2.0394167618e+39    83874.367988 4.0243617254e+49               0 4.0243408172e+49               0 5.9836690326e+48               0
                0        0     2.40982e+12          0    61.600129952  5.198018978e-07 2.4049162615e+11 1.1132284175e+34 2.0394439547e+39    83874.477026 4.0244143759e+49               0 4.0243934677e+49               0 5.9837339854e+48               0
                0        0     2.42957e+12          0    61.600396319  4.0457640974e-07 2.404922605e+11 8.6645839083e+33 2.0394591245e+39    83874.522376 4.0244438908e+49               0 4.0244276173e+49               0 5.9837723252e+48               0
                0        0     2.44537e+12          0    61.600609412  4.0457640974e-07 2.4049276798e+11 8.6645955978e+33 2.0394732346e+39    83874.578954 4.0244712106e+49               0 4.0244549371e+49               0 5.9838060284e+48               0
                0        0     2.47171e+12          0    61.600901317  3.3252441266e-07 2.4049346314e+11 7.1215098494e+33 2.0394910203e+39    83874.640592 4.0245057365e+49               0 4.0244923612e+49               0 5.9838498273e+48               0
                0        0     2.49014e+12          0     61.60110565  3.3252441266e-07 2.4049394976e+11 7.1215190621e+33 2.0395045505e+39    83874.694844 4.0245319334e+49               0 4.0245185581e+49               0 5.9838821453e+48               0
